"scene_token","frame_token","qa_category","question_type","question","reference","prediction","rouge_l","exact_match","bert_score","latency_ms","num_images","cameras_used","failure_mode","vram_used_gb"
"de7d80a1f5fb4c3e82ce8a4f213b450a","648fe1aeca944fb793b334cb6ee01854","perception","object_enumeration","What are objects to the front right of the ego car?","There are many pedestrians, many cars, and one bus to the front right of the ego car.","There are two cars and a person to the front right of the ego car.","0.75","0.0","0.9423","4312.8","6","CAM_FRONT; CAM_FRONT_LEFT; CAM_FRONT_RIGHT; CAM_BACK; CAM_BACK_LEFT; CAM_BACK_RIGHT","","3.82"
"de7d80a1f5fb4c3e82ce8a4f213b450a","648fe1aeca944fb793b334cb6ee01854","perception","status_query","What is the status of the pedestrians that are to the front right of the ego car?","Two of the pedestrians are standing, and many are moving.","There are two cars and many pedestrians to the front right of the ego car.","0.24","0.0","0.8806","3527.3","6","CAM_FRONT; CAM_FRONT_LEFT; CAM_FRONT_RIGHT; CAM_BACK; CAM_BACK_LEFT; CAM_BACK_RIGHT","F_other","3.82"
"de7d80a1f5fb4c3e82ce8a4f213b450a","648fe1aeca944fb793b334cb6ee01854","perception","object_enumeration","What are objects to the front of the ego car?","There are many cars, many pedestrians, and one bicycle in front of the ego car.","There are two cars and many pedestrians in front of the ego car.","0.7857","0.0","0.952","3670.5","6","CAM_FRONT; CAM_FRONT_LEFT; CAM_FRONT_RIGHT; CAM_BACK; CAM_BACK_LEFT; CAM_BACK_RIGHT","","3.82"
"de7d80a1f5fb4c3e82ce8a4f213b450a","648fe1aeca944fb793b334cb6ee01854","perception","status_query","What is the status of the cars that are to the front of the ego car?","Many cars are parked, and one is moving.","There are two cars in front of the ego car.","0.1111","0.0","0.8934","3329.9","6","CAM_FRONT; CAM_FRONT_LEFT; CAM_FRONT_RIGHT; CAM_BACK; CAM_BACK_LEFT; CAM_BACK_RIGHT","F_other","3.82"
"de7d80a1f5fb4c3e82ce8a4f213b450a","648fe1aeca944fb793b334cb6ee01854","perception","object_enumeration","What are objects to the back right of the ego car?","There are two bicycles and many pedestrians to the back right of the ego car.","There are two cars behind the ego car.","0.5217","0.0","0.9287","2980.3","6","CAM_FRONT; CAM_FRONT_LEFT; CAM_FRONT_RIGHT; CAM_BACK; CAM_BACK_LEFT; CAM_BACK_RIGHT","","3.82"
"de7d80a1f5fb4c3e82ce8a4f213b450a","648fe1aeca944fb793b334cb6ee01854","perception","status_query","What is the status of the bicycles that are to the back right of the ego car?","Two bicycles are without riders.","There are two bicycles to the back right of the ego car.","0.2353","0.0","0.8837","3216.9","6","CAM_FRONT; CAM_FRONT_LEFT; CAM_FRONT_RIGHT; CAM_BACK; CAM_BACK_LEFT; CAM_BACK_RIGHT","F_other","3.82"
"de7d80a1f5fb4c3e82ce8a4f213b450a","648fe1aeca944fb793b334cb6ee01854","perception","object_enumeration","What are objects to the back of the ego car?","There is one car and one pedestrian behind the ego car.","There are many pedestrians and two cars behind the ego car.","0.5455","0.0","0.9547","3229.3","6","CAM_FRONT; CAM_FRONT_LEFT; CAM_FRONT_RIGHT; CAM_BACK; CAM_BACK_LEFT; CAM_BACK_RIGHT","","3.82"
"de7d80a1f5fb4c3e82ce8a4f213b450a","648fe1aeca944fb793b334cb6ee01854","perception","status_query","What is the status of the car that is to the back of the ego car?","One car is moving.","Moving.","0.4","0.0","0.901","2592.8","6","CAM_FRONT; CAM_FRONT_LEFT; CAM_FRONT_RIGHT; CAM_BACK; CAM_BACK_LEFT; CAM_BACK_RIGHT","","3.82"
"de7d80a1f5fb4c3e82ce8a4f213b450a","648fe1aeca944fb793b334cb6ee01854","perception","object_enumeration","What are objects to the front left of the ego car?","There are three cars and one pedestrian to the front left of the ego car.","There are two cars and many pedestrians to the front left of the ego car.","0.8667","0.0","0.9799","3500.0","6","CAM_FRONT; CAM_FRONT_LEFT; CAM_FRONT_RIGHT; CAM_BACK; CAM_BACK_LEFT; CAM_BACK_RIGHT","","3.82"
"de7d80a1f5fb4c3e82ce8a4f213b450a","648fe1aeca944fb793b334cb6ee01854","perception","status_query","What is the status of the cars that are to the front left of the ego car?","Three cars are parked.","There are two cars behind the ego car.","0.1667","0.0","0.9075","3016.6","6","CAM_FRONT; CAM_FRONT_LEFT; CAM_FRONT_RIGHT; CAM_BACK; CAM_BACK_LEFT; CAM_BACK_RIGHT","F_other","3.82"
"de7d80a1f5fb4c3e82ce8a4f213b450a","648fe1aeca944fb793b334cb6ee01854","perception","status_query","What is the status of the cars that are to the front right of the ego car?","Three of the cars are parked, and one is moving.","There are two cars behind the ego car.","0.2222","0.0","0.8915","3041.6","6","CAM_FRONT; CAM_FRONT_LEFT; CAM_FRONT_RIGHT; CAM_BACK; CAM_BACK_LEFT; CAM_BACK_RIGHT","F_other","3.82"
"de7d80a1f5fb4c3e82ce8a4f213b450a","648fe1aeca944fb793b334cb6ee01854","perception","status_query","What is the status of the pedestrians that are to the front of the ego car?","Many pedestrians are moving in front of the ego car.","There are many pedestrians and two cars in front of the ego car.","0.6957","0.0","0.9373","3701.8","6","CAM_FRONT; CAM_FRONT_LEFT; CAM_FRONT_RIGHT; CAM_BACK; CAM_BACK_LEFT; CAM_BACK_RIGHT","","3.82"
"de7d80a1f5fb4c3e82ce8a4f213b450a","648fe1aeca944fb793b334cb6ee01854","perception","status_query","What is the status of the bus that is to the front right of the ego car?","The bus to the front right of the ego car is moving.","Moving.","0.1538","0.0","0.8746","2663.1","6","CAM_FRONT; CAM_FRONT_LEFT; CAM_FRONT_RIGHT; CAM_BACK; CAM_BACK_LEFT; CAM_BACK_RIGHT","D_incomplete","3.82"
"de7d80a1f5fb4c3e82ce8a4f213b450a","648fe1aeca944fb793b334cb6ee01854","perception","status_query","What is the status of the pedestrians that are to the back right of the ego car?","Three of the pedestrians are moving, and one is standing.","There are many pedestrians and two cars behind the ego car.","0.1905","0.0","0.8873","3469.4","6","CAM_FRONT; CAM_FRONT_LEFT; CAM_FRONT_RIGHT; CAM_BACK; CAM_BACK_LEFT; CAM_BACK_RIGHT","F_other","3.82"
"de7d80a1f5fb4c3e82ce8a4f213b450a","648fe1aeca944fb793b334cb6ee01854","perception","status_query","What is the status of the pedestrian that is to the front left of the ego car?","The pedestrian to the front left of the ego car is moving.","There is a person standing to the front left of the ego car.","0.64","0.0","0.9466","3238.8","6","CAM_FRONT; CAM_FRONT_LEFT; CAM_FRONT_RIGHT; CAM_BACK; CAM_BACK_LEFT; CAM_BACK_RIGHT","","3.82"
"de7d80a1f5fb4c3e82ce8a4f213b450a","648fe1aeca944fb793b334cb6ee01854","perception","status_query","What is the status of the pedestrian that is to the back of the ego car?","The pedestrian to the back of the ego car is moving.","There are many pedestrians and two cars behind the ego car.","0.3636","0.0","0.9169","3280.3","6","CAM_FRONT; CAM_FRONT_LEFT; CAM_FRONT_RIGHT; CAM_BACK; CAM_BACK_LEFT; CAM_BACK_RIGHT","","3.82"
"de7d80a1f5fb4c3e82ce8a4f213b450a","648fe1aeca944fb793b334cb6ee01854","perception","status_query","What is the status of the bicycle that is to the front of the ego car?","One bicycle is without a rider.","There is a bicycle to the front of the ego car.","0.2353","0.0","0.8689","3528.1","6","CAM_FRONT; CAM_FRONT_LEFT; CAM_FRONT_RIGHT; CAM_BACK; CAM_BACK_LEFT; CAM_BACK_RIGHT","F_other","3.82"
"de7d80a1f5fb4c3e82ce8a4f213b450a","648fe1aeca944fb793b334cb6ee01854","perception","yes_no","Are there stopped buses to the back left of the ego car?","No.","No.","1.0","1.0","1.0","2523.7","6","CAM_FRONT; CAM_FRONT_LEFT; CAM_FRONT_RIGHT; CAM_BACK; CAM_BACK_LEFT; CAM_BACK_RIGHT","","3.82"
"de7d80a1f5fb4c3e82ce8a4f213b450a","648fe1aeca944fb793b334cb6ee01854","perception","yes_no","Are there moving cars to the back of the ego car?","Yes.","Yes.","1.0","1.0","1.0","2492.3","6","CAM_FRONT; CAM_FRONT_LEFT; CAM_FRONT_RIGHT; CAM_BACK; CAM_BACK_LEFT; CAM_BACK_RIGHT","","3.82"
"de7d80a1f5fb4c3e82ce8a4f213b450a","648fe1aeca944fb793b334cb6ee01854","perception","yes_no","Are there standing pedestrians to the back right of the ego car?","Yes.","Yes.","1.0","1.0","1.0","2269.8","6","CAM_FRONT; CAM_FRONT_LEFT; CAM_FRONT_RIGHT; CAM_BACK; CAM_BACK_LEFT; CAM_BACK_RIGHT","","3.82"
"de7d80a1f5fb4c3e82ce8a4f213b450a","648fe1aeca944fb793b334cb6ee01854","perception","yes_no","Are there bicycles with riders to the back of the ego car?","No.","No.","1.0","1.0","1.0","2494.4","6","CAM_FRONT; CAM_FRONT_LEFT; CAM_FRONT_RIGHT; CAM_BACK; CAM_BACK_LEFT; CAM_BACK_RIGHT","","3.82"
"de7d80a1f5fb4c3e82ce8a4f213b450a","648fe1aeca944fb793b334cb6ee01854","perception","yes_no","Are there bicycles without riders to the back right of the ego car?","Yes.","No.","0.0","0.0","0.9945","2512.5","6","CAM_FRONT; CAM_FRONT_LEFT; CAM_FRONT_RIGHT; CAM_BACK; CAM_BACK_LEFT; CAM_BACK_RIGHT","F_other","3.82"
"de7d80a1f5fb4c3e82ce8a4f213b450a","648fe1aeca944fb793b334cb6ee01854","perception","yes_no","Are there moving pedestrians to the front of the ego car?","Yes.","Yes.","1.0","1.0","1.0","2502.5","6","CAM_FRONT; CAM_FRONT_LEFT; CAM_FRONT_RIGHT; CAM_BACK; CAM_BACK_LEFT; CAM_BACK_RIGHT","","3.82"
"de7d80a1f5fb4c3e82ce8a4f213b450a","648fe1aeca944fb793b334cb6ee01854","perception","yes_no","Are there moving pedestrians to the front left of the ego car?","Yes.","Yes.","1.0","1.0","1.0","2504.2","6","CAM_FRONT; CAM_FRONT_LEFT; CAM_FRONT_RIGHT; CAM_BACK; CAM_BACK_LEFT; CAM_BACK_RIGHT","","3.82"
"de7d80a1f5fb4c3e82ce8a4f213b450a","648fe1aeca944fb793b334cb6ee01854","perception","yes_no","Are there moving pedestrians to the back of the ego car?","Yes.","Yes.","1.0","1.0","1.0","2243.1","6","CAM_FRONT; CAM_FRONT_LEFT; CAM_FRONT_RIGHT; CAM_BACK; CAM_BACK_LEFT; CAM_BACK_RIGHT","","3.82"
"de7d80a1f5fb4c3e82ce8a4f213b450a","648fe1aeca944fb793b334cb6ee01854","perception","yes_no","Are there moving buses to the front right of the ego car?","Yes.","No.","0.0","0.0","0.9945","2449.5","6","CAM_FRONT; CAM_FRONT_LEFT; CAM_FRONT_RIGHT; CAM_BACK; CAM_BACK_LEFT; CAM_BACK_RIGHT","F_other","3.82"
"de7d80a1f5fb4c3e82ce8a4f213b450a","648fe1aeca944fb793b334cb6ee01854","perception","yes_no","Are there moving pedestrians to the back right of the ego car?","Yes.","Yes.","1.0","1.0","1.0","2267.8","6","CAM_FRONT; CAM_FRONT_LEFT; CAM_FRONT_RIGHT; CAM_BACK; CAM_BACK_LEFT; CAM_BACK_RIGHT","","3.82"
"de7d80a1f5fb4c3e82ce8a4f213b450a","648fe1aeca944fb793b334cb6ee01854","perception","yes_no","Are there moving pedestrians to the front right of the ego car?","Yes.","Yes.","1.0","1.0","1.0","2473.1","6","CAM_FRONT; CAM_FRONT_LEFT; CAM_FRONT_RIGHT; CAM_BACK; CAM_BACK_LEFT; CAM_BACK_RIGHT","","3.82"
"de7d80a1f5fb4c3e82ce8a4f213b450a","648fe1aeca944fb793b334cb6ee01854","perception","yes_no","Are there bicycles without riders to the front of the ego car?","Yes.","No.","0.0","0.0","0.9945","2484.9","6","CAM_FRONT; CAM_FRONT_LEFT; CAM_FRONT_RIGHT; CAM_BACK; CAM_BACK_LEFT; CAM_BACK_RIGHT","F_other","3.82"
"de7d80a1f5fb4c3e82ce8a4f213b450a","648fe1aeca944fb793b334cb6ee01854","perception","yes_no","Are there parked cars to the front of the ego car?","Yes.","No.","0.0","0.0","0.9945","2503.6","6","CAM_FRONT; CAM_FRONT_LEFT; CAM_FRONT_RIGHT; CAM_BACK; CAM_BACK_LEFT; CAM_BACK_RIGHT","F_other","3.82"
"de7d80a1f5fb4c3e82ce8a4f213b450a","648fe1aeca944fb793b334cb6ee01854","perception","yes_no","Are there standing pedestrians to the front right of the ego car?","Yes.","Yes.","1.0","1.0","1.0","2492.2","6","CAM_FRONT; CAM_FRONT_LEFT; CAM_FRONT_RIGHT; CAM_BACK; CAM_BACK_LEFT; CAM_BACK_RIGHT","","3.82"
"de7d80a1f5fb4c3e82ce8a4f213b450a","648fe1aeca944fb793b334cb6ee01854","perception","yes_no","Are there moving cars to the front of the ego car?","Yes.","Yes.","1.0","1.0","1.0","2483.6","6","CAM_FRONT; CAM_FRONT_LEFT; CAM_FRONT_RIGHT; CAM_BACK; CAM_BACK_LEFT; CAM_BACK_RIGHT","","3.82"
"de7d80a1f5fb4c3e82ce8a4f213b450a","648fe1aeca944fb793b334cb6ee01854","perception","other_question_type","Please describe the current scene.","There is one moving car in front of the ego car, one moving car to the front right of the ego car, one moving car behind the ego car, one parked car in front of the ego car, one riderless bicycle in front of the ego car, many moving pedestrians in front of the ego car, and one moving pedestrian behind the ego car.","The scene is a busy street at night. There are many pedestrians and two cars behind the ego car.","0.1928","0.0","0.8533","5098.1","6","CAM_FRONT; CAM_FRONT_LEFT; CAM_FRONT_RIGHT; CAM_BACK; CAM_BACK_LEFT; CAM_BACK_RIGHT","D_incomplete","3.82"
"de7d80a1f5fb4c3e82ce8a4f213b450a","648fe1aeca944fb793b334cb6ee01854","perception","what_query","What is the relative positioning of the important objects in the current scene?","the vehicle in back camera is at the back of the vehicle in front camera, the vehicle in front camera is at the back right of the vehicle in front camera, the vehicle in front-right camera is at the back right of the vehicle in front camera, the vehicle in front camera is at the front of the vehicle in back camera, the vehicle in front-right camera is at the front of the vehicle in back camera, and the vehicle in front-right camera is at the back right of the vehicle in front camera.","There are many pedestrians and two cars behind the ego car.","0.037","0.0","0.8108","1987.5","3","CAM_BACK; CAM_FRONT; CAM_FRONT_RIGHT","D_incomplete","3.82"
"de7d80a1f5fb4c3e82ce8a4f213b450a","648fe1aeca944fb793b334cb6ee01854","perception","yes_no","Is there any traffic element in the front view?","Yes, there are traffic elements in the front view.","No.","0.0","0.0","0.9102","2501.5","6","CAM_FRONT; CAM_FRONT_LEFT; CAM_FRONT_RIGHT; CAM_BACK; CAM_BACK_LEFT; CAM_BACK_RIGHT","D_incomplete","3.82"
"de7d80a1f5fb4c3e82ce8a4f213b450a","648fe1aeca944fb793b334cb6ee01854","perception","planning_other","Identify all the traffic elements in the front view, categorize them, determine their status, and predict the bounding box around each one. The output should be a list formatted as (c, s, x1, y1, x2, y2), where c represents the category, s denotes the status, and x1, y1, x2, y2 are the offsets of the top-left and bottom-right corners of the box relative to the center point.","There are many traffic elements in the front view. The information of these traffic elements is [(traffic light, green, 96.03, 103.53, 181.07, 293.13), (traffic light, red, 207.12, 115.07, 293.84, 181.98), (traffic light, red, 175.79, 176.58, 284.79, 318.68), (traffic light, green, 1104.76, 493.27, 1118.25, 535.71)].","","0.0","0.0","","10161.1","6","CAM_FRONT; CAM_FRONT_LEFT; CAM_FRONT_RIGHT; CAM_BACK; CAM_BACK_LEFT; CAM_BACK_RIGHT","D_incomplete","3.82"
"de7d80a1f5fb4c3e82ce8a4f213b450a","648fe1aeca944fb793b334cb6ee01854","perception","which_query","Which lanes are each important object on in the scene?","the vehicle in back camera is on the ego lane, and the vehicle in front-right camera is on the right lane.","Cam Back: There are many pedestrians and two cars behind the ego car. Cam Front Right: The ego vehicle is moving.","0.2791","0.0","0.8674","2425.2","2","CAM_BACK; CAM_FRONT_RIGHT","F_other","3.82"
"de7d80a1f5fb4c3e82ce8a4f213b450a","648fe1aeca944fb793b334cb6ee01854","perception","what_query","What are the important objects in the current scene? Those objects will be considered for the future reasoning and driving decision.","There is a silver truck to the front of the ego vehicle, a silver truck to the back of the ego vehicle, a white commercial vehicle to the front of the ego vehicle, a black SUV to the front right of the ego vehicle, and a streetlight to the front of the ego vehicle. The IDs of these objects are the vehicle in front camera, the vehicle in back camera, the vehicle in front camera, the vehicle in front-right camera, and the object in front camera.","There are many pedestrians and two cars behind the ego car.","0.0816","0.0","0.833","1954.1","3","CAM_FRONT; CAM_BACK; CAM_FRONT_RIGHT","D_incomplete","3.82"
"de7d80a1f5fb4c3e82ce8a4f213b450a","648fe1aeca944fb793b334cb6ee01854","perception","what_query","What is the observed status of the vehicle in front camera?","Stationary.","Moving.","0.0","0.0","0.9269","802.6","1","CAM_FRONT","B_wrong_status","3.82"
"de7d80a1f5fb4c3e82ce8a4f213b450a","648fe1aeca944fb793b334cb6ee01854","perception","what_query","What is the observed status of the vehicle in back camera?","Moving.","Moving.","1.0","1.0","1.0","751.6","1","CAM_BACK","","3.82"
"de7d80a1f5fb4c3e82ce8a4f213b450a","648fe1aeca944fb793b334cb6ee01854","perception","what_query","What is the moving status of the vehicle in back camera?","Going ahead.","Moving.","0.0","0.0","0.9201","740.6","1","CAM_BACK","F_other","3.82"
"de7d80a1f5fb4c3e82ce8a4f213b450a","648fe1aeca944fb793b334cb6ee01854","perception","what_query","What is the observed status of the vehicle in front camera?","Moving.","Moving.","1.0","1.0","1.0","789.4","1","CAM_FRONT","","3.82"
"de7d80a1f5fb4c3e82ce8a4f213b450a","648fe1aeca944fb793b334cb6ee01854","perception","what_query","What is the moving status of the vehicle in front camera?","Turn left.","Moving.","0.0","0.0","0.9202","798.0","1","CAM_FRONT","F_other","3.82"
"de7d80a1f5fb4c3e82ce8a4f213b450a","648fe1aeca944fb793b334cb6ee01854","perception","what_query","What is the observed status of the vehicle in front-right camera?","Moving.","Moving.","1.0","1.0","1.0","813.6","1","CAM_FRONT_RIGHT","","3.82"
"de7d80a1f5fb4c3e82ce8a4f213b450a","648fe1aeca944fb793b334cb6ee01854","perception","what_query","What is the moving status of the vehicle in front-right camera?","Turn right.","Moving.","0.0","0.0","0.928","738.5","1","CAM_FRONT_RIGHT","F_other","3.82"
"de7d80a1f5fb4c3e82ce8a4f213b450a","648fe1aeca944fb793b334cb6ee01854","perception","what_query","What is the observed status of the object in front camera?","Stationary.","Moving.","0.0","0.0","0.9269","765.9","1","CAM_FRONT","B_wrong_status","3.82"
"de7d80a1f5fb4c3e82ce8a4f213b450a","648fe1aeca944fb793b334cb6ee01854","perception","visual_description","What is the visual description of the vehicle in front camera?","Silver truck.","White.","0.0","0.0","0.931","749.1","1","CAM_FRONT","F_other","3.82"
"de7d80a1f5fb4c3e82ce8a4f213b450a","648fe1aeca944fb793b334cb6ee01854","perception","visual_description","What is the visual description of the vehicle in back camera?","Silver truck.","Moving.","0.0","0.0","0.9325","773.9","1","CAM_BACK","F_other","3.82"
"de7d80a1f5fb4c3e82ce8a4f213b450a","648fe1aeca944fb793b334cb6ee01854","perception","visual_description","What is the visual description of the vehicle in front camera?","White commercial vehicle.","White.","0.5","0.0","0.9026","766.5","1","CAM_FRONT","","3.82"
"de7d80a1f5fb4c3e82ce8a4f213b450a","648fe1aeca944fb793b334cb6ee01854","perception","visual_description","What is the visual description of the vehicle in front-right camera?","Black SUV.","The vehicle in front-right camera is a black car.","0.1667","0.0","0.8818","1216.0","1","CAM_FRONT_RIGHT","F_other","3.82"
"de7d80a1f5fb4c3e82ce8a4f213b450a","648fe1aeca944fb793b334cb6ee01854","perception","visual_description","What is the visual description of the object in front camera?","Streetlight.","White car.","0.0","0.0","0.9016","763.2","1","CAM_FRONT","F_other","3.82"
"de7d80a1f5fb4c3e82ce8a4f213b450a","648fe1aeca944fb793b334cb6ee01854","prediction","yes_no","Is the object in front camera a traffic sign or a road barrier?","No.","No.","1.0","1.0","1.0","748.1","1","CAM_FRONT","","3.82"
"de7d80a1f5fb4c3e82ce8a4f213b450a","648fe1aeca944fb793b334cb6ee01854","prediction","other_question_type","Would the vehicle in front camera be in the moving direction of the ego vehicle?","No.","Yes.","0.0","0.0","0.9945","748.3","1","CAM_FRONT","F_other","3.82"
"de7d80a1f5fb4c3e82ce8a4f213b450a","648fe1aeca944fb793b334cb6ee01854","prediction","what_query","What is the future state of the vehicle in front camera?","Stationary.","Moving.","0.0","0.0","0.9269","802.3","1","CAM_FRONT","B_wrong_status","3.82"
"de7d80a1f5fb4c3e82ce8a4f213b450a","648fe1aeca944fb793b334cb6ee01854","prediction","yes_no","Is the object in back camera a traffic sign or a road barrier?","No.","There are two objects in the back camera.","0.0","0.0","0.8927","1079.2","1","CAM_BACK","F_other","3.82"
"de7d80a1f5fb4c3e82ce8a4f213b450a","648fe1aeca944fb793b334cb6ee01854","prediction","which_query","Which object is most likely to be occluded by the vehicle in back camera? Would this object affect the ego vehicle? Based on this object, what action of the ego vehicle is dangerous?","None, no, none.","There is a person walking on the sidewalk. The ego vehicle is moving.","0.0","0.0","0.8392","1516.2","1","CAM_BACK","F_other","3.82"
"de7d80a1f5fb4c3e82ce8a4f213b450a","648fe1aeca944fb793b334cb6ee01854","prediction","other_question_type","Would the vehicle in back camera be in the moving direction of the ego vehicle?","No.","No.","1.0","1.0","1.0","693.4","1","CAM_BACK","","3.82"
"de7d80a1f5fb4c3e82ce8a4f213b450a","648fe1aeca944fb793b334cb6ee01854","prediction","what_query","What is the future state of the vehicle in back camera?","Keep going straight.","Moving.","0.0","0.0","0.9134","794.8","1","CAM_BACK","D_incomplete","3.82"
"de7d80a1f5fb4c3e82ce8a4f213b450a","648fe1aeca944fb793b334cb6ee01854","prediction","yes_no","Is the object in front camera a traffic sign or a road barrier?","No.","No.","1.0","1.0","1.0","750.1","1","CAM_FRONT","","3.82"
"de7d80a1f5fb4c3e82ce8a4f213b450a","648fe1aeca944fb793b334cb6ee01854","prediction","which_query","Which object is most likely to be occluded by the vehicle in front camera? Would this object affect the ego vehicle? Based on this object, what action of the ego vehicle is dangerous?","None, no, none.","There is a person walking on the sidewalk. The ego vehicle is moving.","0.0","0.0","0.8392","1454.7","1","CAM_FRONT","F_other","3.82"
"de7d80a1f5fb4c3e82ce8a4f213b450a","648fe1aeca944fb793b334cb6ee01854","prediction","other_question_type","Would the vehicle in front camera be in the moving direction of the ego vehicle?","Yes.","Yes.","1.0","1.0","1.0","723.5","1","CAM_FRONT","","3.82"
"de7d80a1f5fb4c3e82ce8a4f213b450a","648fe1aeca944fb793b334cb6ee01854","prediction","what_query","What is the future state of the vehicle in front camera?","Turn left.","Moving.","0.0","0.0","0.9202","743.4","1","CAM_FRONT","F_other","3.82"
"de7d80a1f5fb4c3e82ce8a4f213b450a","648fe1aeca944fb793b334cb6ee01854","prediction","yes_no","Is the object in front-right camera a traffic sign or a road barrier?","No.","There are two traffic signs to the right.","0.0","0.0","0.8985","1070.8","1","CAM_FRONT_RIGHT","F_other","3.82"
"de7d80a1f5fb4c3e82ce8a4f213b450a","648fe1aeca944fb793b334cb6ee01854","prediction","which_query","Which object is most likely to be occluded by the vehicle in front-right camera? Would this object affect the ego vehicle? Based on this object, what action of the ego vehicle is dangerous?","None, no, none.","There is a person walking in the street. The ego vehicle is moving.","0.0","0.0","0.8405","1436.0","1","CAM_FRONT_RIGHT","F_other","3.82"
"de7d80a1f5fb4c3e82ce8a4f213b450a","648fe1aeca944fb793b334cb6ee01854","prediction","other_question_type","Would the vehicle in front-right camera be in the moving direction of the ego vehicle?","No.","No.","1.0","1.0","1.0","712.1","1","CAM_FRONT_RIGHT","","3.82"
"de7d80a1f5fb4c3e82ce8a4f213b450a","648fe1aeca944fb793b334cb6ee01854","prediction","what_query","What is the future state of the vehicle in front-right camera?","Turn right.","Moving.","0.0","0.0","0.928","746.7","1","CAM_FRONT_RIGHT","F_other","3.82"
"de7d80a1f5fb4c3e82ce8a4f213b450a","648fe1aeca944fb793b334cb6ee01854","prediction","yes_no","Is the object in front camera a traffic sign or a road barrier?","No.","No.","1.0","1.0","1.0","722.8","1","CAM_FRONT","","3.82"
"de7d80a1f5fb4c3e82ce8a4f213b450a","648fe1aeca944fb793b334cb6ee01854","prediction","other_question_type","Would the object in front camera be in the moving direction of the ego vehicle?","No.","No.","1.0","1.0","1.0","692.8","1","CAM_FRONT","","3.82"
"de7d80a1f5fb4c3e82ce8a4f213b450a","648fe1aeca944fb793b334cb6ee01854","prediction","what_query","What is the future state of the object in front camera?","Stationary.","Moving.","0.0","0.0","0.9269","778.3","1","CAM_FRONT","B_wrong_status","3.82"
"de7d80a1f5fb4c3e82ce8a4f213b450a","648fe1aeca944fb793b334cb6ee01854","prediction","yes_no","Are the object in front-right camera and the object in front camera traffic signs?","Neither is a traffic sign.","No.","0.0","0.0","0.8958","1058.4","2","CAM_FRONT_RIGHT; CAM_FRONT","D_incomplete","3.82"
"de7d80a1f5fb4c3e82ce8a4f213b450a","648fe1aeca944fb793b334cb6ee01854","prediction","future_state","Will the vehicle in front-right camera be in the moving direction of the vehicle in front camera?","No.","No.","1.0","1.0","1.0","1034.9","2","CAM_FRONT_RIGHT; CAM_FRONT","","3.82"
"de7d80a1f5fb4c3e82ce8a4f213b450a","648fe1aeca944fb793b334cb6ee01854","prediction","future_state","Will the vehicle in front-right camera change its motion state based on the vehicle in front camera?","No.","No.","1.0","1.0","1.0","1080.5","2","CAM_FRONT_RIGHT; CAM_FRONT","","3.82"
"de7d80a1f5fb4c3e82ce8a4f213b450a","648fe1aeca944fb793b334cb6ee01854","prediction","other_question_type","Based on the observations of the vehicle in front camera, what are possible actions to be taken by the vehicle in front-right camera? What is the reason?","The action is to turn right; the reason is that there is no safety issue.","The vehicle in front-right camera is moving.","0.2609","0.0","0.8653","1408.8","2","CAM_FRONT; CAM_FRONT_RIGHT","C_wrong_camera","3.82"
"de7d80a1f5fb4c3e82ce8a4f213b450a","648fe1aeca944fb793b334cb6ee01854","prediction","what_query","What object would consider the vehicle in front-right camera to be most relevant to its decision?","The ego vehicle.","The ego vehicle.","1.0","1.0","1.0","893.7","1","CAM_FRONT_RIGHT","","3.82"
"de7d80a1f5fb4c3e82ce8a4f213b450a","648fe1aeca944fb793b334cb6ee01854","prediction","other_question_type","Except for the ego vehicle, what object would consider the vehicle in front-right camera to be most relevant to its decision?","the vehicle in back camera.","None.","0.0","0.0","0.8901","1018.4","2","CAM_FRONT_RIGHT; CAM_BACK","D_incomplete","3.82"
"de7d80a1f5fb4c3e82ce8a4f213b450a","648fe1aeca944fb793b334cb6ee01854","prediction","what_query","What object would consider the vehicle in front camera to be most relevant to its decision?","The ego vehicle.","The ego vehicle.","1.0","1.0","1.0","892.3","1","CAM_FRONT","","3.82"
"de7d80a1f5fb4c3e82ce8a4f213b450a","648fe1aeca944fb793b334cb6ee01854","prediction","other_question_type","Except for the ego vehicle, what object would consider the vehicle in front camera to be most relevant to its decision?","the vehicle in back camera.","None.","0.0","0.0","0.8901","1053.9","2","CAM_FRONT; CAM_BACK","D_incomplete","3.82"
"de7d80a1f5fb4c3e82ce8a4f213b450a","648fe1aeca944fb793b334cb6ee01854","prediction","yes_no","Are the object in front camera and the object in back camera traffic signs?","Neither is a traffic sign.","No.","0.0","0.0","0.8958","1036.7","2","CAM_FRONT; CAM_BACK","D_incomplete","3.82"
"de7d80a1f5fb4c3e82ce8a4f213b450a","648fe1aeca944fb793b334cb6ee01854","prediction","future_state","Will the object in front camera be in the moving direction of the vehicle in back camera?","No.","No.","1.0","1.0","1.0","1060.4","2","CAM_FRONT; CAM_BACK","","3.82"
"de7d80a1f5fb4c3e82ce8a4f213b450a","648fe1aeca944fb793b334cb6ee01854","prediction","future_state","Will the object in front camera change its motion state based on the vehicle in back camera?","No.","No.","1.0","1.0","1.0","1040.5","2","CAM_FRONT; CAM_BACK","","3.82"
"de7d80a1f5fb4c3e82ce8a4f213b450a","648fe1aeca944fb793b334cb6ee01854","prediction","other_question_type","Based on the observations of the vehicle in back camera, what are possible actions to be taken by the object in front camera? What is the reason?","The action is to keep going at the same speed; the reason is that there is no safety issue.","The vehicle in front camera is moving.","0.1538","0.0","0.855","1324.1","2","CAM_BACK; CAM_FRONT","D_incomplete","3.82"
"de7d80a1f5fb4c3e82ce8a4f213b450a","648fe1aeca944fb793b334cb6ee01854","prediction","what_query","What object would consider the object in front camera to be most relevant to its decision?","None.","The ego vehicle.","0.0","0.0","0.9128","860.7","1","CAM_FRONT","F_other","3.82"
"de7d80a1f5fb4c3e82ce8a4f213b450a","648fe1aeca944fb793b334cb6ee01854","prediction","what_query","What object would consider the vehicle in back camera to be most relevant to its decision?","None.","There are two cars to the back.","0.0","0.0","0.8913","1003.4","1","CAM_BACK","F_other","3.82"
"de7d80a1f5fb4c3e82ce8a4f213b450a","648fe1aeca944fb793b334cb6ee01854","prediction","what_query","What object should the ego vehicle notice first when the ego vehicle is getting to the next possible location? What is the state of the object that is first noticed by the ego vehicle and what action should the ego vehicle take? What object should the ego vehicle notice second when the ego vehicle is getting to the next possible location? What is the state of the object perceived by the ego vehicle as second and what action should the ego vehicle take? What object should the ego vehicle notice third? What is the state of the object perceived by the ego vehicle as third and what action should the ego vehicle take?","First, notice the vehicle in front-right camera. The object is going forward, so the ego vehicle should take the action of decelerating and driving slowly. Second, notice the vehicle in front camera. The object is turning left, so the ego vehicle should take the action of decelerating and driving slowly. Finally, notice the object in front camera. The object is a traffic light, so the ego vehicle should take the action of decelerating and driving slowly.","There are 3 traffic lights to the right.","0.0706","0.0","0.8411","1544.5","2","CAM_FRONT_RIGHT; CAM_FRONT","C_wrong_camera","3.82"
"de7d80a1f5fb4c3e82ce8a4f213b450a","648fe1aeca944fb793b334cb6ee01854","planning","yes_no","Is the vehicle in front camera an object that the ego vehicle should consider in the current scene?","No.","Yes.","0.0","0.0","0.9945","2770.1","6","CAM_FRONT; CAM_FRONT_LEFT; CAM_FRONT_RIGHT; CAM_BACK; CAM_BACK_LEFT; CAM_BACK_RIGHT","E_planning_error","3.82"
"de7d80a1f5fb4c3e82ce8a4f213b450a","648fe1aeca944fb793b334cb6ee01854","planning","what_query","What actions could the ego vehicle take based on the vehicle in front camera? Why take this action and what's the probability?","The action is to turn left. The reason is to follow the traffic rules. The probability is high.","Low.","0.0","0.0","0.885","4468.1","6","CAM_FRONT; CAM_FRONT_LEFT; CAM_FRONT_RIGHT; CAM_BACK; CAM_BACK_LEFT; CAM_BACK_RIGHT","D_incomplete","3.82"
"de7d80a1f5fb4c3e82ce8a4f213b450a","648fe1aeca944fb793b334cb6ee01854","planning","what_query","What is the probability of colliding with the vehicle in front camera after the ego vehicle turns right at a constant speed?","Low.","Low.","1.0","1.0","1.0","2752.9","6","CAM_FRONT; CAM_FRONT_LEFT; CAM_FRONT_RIGHT; CAM_BACK; CAM_BACK_LEFT; CAM_BACK_RIGHT","","3.82"
"de7d80a1f5fb4c3e82ce8a4f213b450a","648fe1aeca944fb793b334cb6ee01854","planning","what_query","What actions taken by the ego vehicle can lead to a collision with the vehicle in front camera?","No such action will lead to a collision.","Accelerate and go straight actions taken by the ego vehicle can lead to a collision with the vehicle in front camera.","0.3448","0.0","0.8904","4247.6","6","CAM_FRONT; CAM_FRONT_LEFT; CAM_FRONT_RIGHT; CAM_BACK; CAM_BACK_LEFT; CAM_BACK_RIGHT","","3.82"
"de7d80a1f5fb4c3e82ce8a4f213b450a","648fe1aeca944fb793b334cb6ee01854","planning","yes_no","Is the vehicle in back camera an object that the ego vehicle should consider in the current scene?","No.","Yes.","0.0","0.0","0.9945","2776.7","6","CAM_FRONT; CAM_FRONT_LEFT; CAM_FRONT_RIGHT; CAM_BACK; CAM_BACK_LEFT; CAM_BACK_RIGHT","E_planning_error","3.82"
"de7d80a1f5fb4c3e82ce8a4f213b450a","648fe1aeca944fb793b334cb6ee01854","planning","what_query","What actions could the ego vehicle take based on the vehicle in back camera? Why take this action and what's the probability?","The action is to turn left. The reason is that there is no safety issue, which is high probability.","High.","0.1","0.0","0.8789","4601.6","6","CAM_FRONT; CAM_FRONT_LEFT; CAM_FRONT_RIGHT; CAM_BACK; CAM_BACK_LEFT; CAM_BACK_RIGHT","D_incomplete","3.82"
"de7d80a1f5fb4c3e82ce8a4f213b450a","648fe1aeca944fb793b334cb6ee01854","planning","what_query","What is the probability of colliding with the vehicle in back camera after the ego vehicle decelerates and turns left?","Low.","Low.","1.0","1.0","1.0","2769.8","6","CAM_FRONT; CAM_FRONT_LEFT; CAM_FRONT_RIGHT; CAM_BACK; CAM_BACK_LEFT; CAM_BACK_RIGHT","","3.82"
"de7d80a1f5fb4c3e82ce8a4f213b450a","648fe1aeca944fb793b334cb6ee01854","planning","what_query","What actions taken by the ego vehicle can lead to a collision with the vehicle in back camera?","Back up.","Accelerate and go straight actions taken by the ego vehicle can lead to a collision with the vehicle in back camera.","0.087","0.0","0.8538","4199.7","6","CAM_FRONT; CAM_FRONT_LEFT; CAM_FRONT_RIGHT; CAM_BACK; CAM_BACK_LEFT; CAM_BACK_RIGHT","A_hallucination","3.82"
"de7d80a1f5fb4c3e82ce8a4f213b450a","648fe1aeca944fb793b334cb6ee01854","planning","yes_no","Is the vehicle in front camera an object that the ego vehicle should consider in the current scene?","Yes.","Yes.","1.0","1.0","1.0","2724.5","6","CAM_FRONT; CAM_FRONT_LEFT; CAM_FRONT_RIGHT; CAM_BACK; CAM_BACK_LEFT; CAM_BACK_RIGHT","","3.82"
"de7d80a1f5fb4c3e82ce8a4f213b450a","648fe1aeca944fb793b334cb6ee01854","planning","what_query","What actions could the ego vehicle take based on the vehicle in front camera? Why take this action and what's the probability?","The action is to turn left. The reason is that there is no safety issue, and the probability is high.","Low.","0.0","0.0","0.8804","4429.4","6","CAM_FRONT; CAM_FRONT_LEFT; CAM_FRONT_RIGHT; CAM_BACK; CAM_BACK_LEFT; CAM_BACK_RIGHT","D_incomplete","3.82"
"de7d80a1f5fb4c3e82ce8a4f213b450a","648fe1aeca944fb793b334cb6ee01854","planning","what_query","What is the probability of colliding with the vehicle in front camera after the ego vehicle turns left at a constant speed?","Low.","Low.","1.0","1.0","1.0","2730.3","6","CAM_FRONT; CAM_FRONT_LEFT; CAM_FRONT_RIGHT; CAM_BACK; CAM_BACK_LEFT; CAM_BACK_RIGHT","","3.82"
"de7d80a1f5fb4c3e82ce8a4f213b450a","648fe1aeca944fb793b334cb6ee01854","planning","what_query","What actions taken by the ego vehicle can lead to a collision with the vehicle in front camera?","Accelerating and going straight can lead to a collision with the vehicle in front camera.","Accelerate and go straight actions taken by the ego vehicle can lead to a collision with the vehicle in front camera.","0.8333","0.0","0.947","4188.4","6","CAM_FRONT; CAM_FRONT_LEFT; CAM_FRONT_RIGHT; CAM_BACK; CAM_BACK_LEFT; CAM_BACK_RIGHT","","3.82"
"de7d80a1f5fb4c3e82ce8a4f213b450a","648fe1aeca944fb793b334cb6ee01854","planning","yes_no","Is the vehicle in front-right camera an object that the ego vehicle should consider in the current scene?","Yes.","Yes.","1.0","1.0","1.0","2762.9","6","CAM_FRONT; CAM_FRONT_LEFT; CAM_FRONT_RIGHT; CAM_BACK; CAM_BACK_LEFT; CAM_BACK_RIGHT","","3.82"
"de7d80a1f5fb4c3e82ce8a4f213b450a","648fe1aeca944fb793b334cb6ee01854","planning","what_query","What actions could the ego vehicle take based on the vehicle in front-right camera? Why take this action and what's the probability?","The action is to turn left. The reason is that there is no safety issue, and the probability is high.","Low.","0.0","0.0","0.8804","4545.8","6","CAM_FRONT; CAM_FRONT_LEFT; CAM_FRONT_RIGHT; CAM_BACK; CAM_BACK_LEFT; CAM_BACK_RIGHT","D_incomplete","3.82"
"de7d80a1f5fb4c3e82ce8a4f213b450a","648fe1aeca944fb793b334cb6ee01854","planning","what_query","What is the probability of colliding with the vehicle in front-right camera after the ego vehicle turns left at a constant speed?","Low.","Low.","1.0","1.0","1.0","2769.6","6","CAM_FRONT; CAM_FRONT_LEFT; CAM_FRONT_RIGHT; CAM_BACK; CAM_BACK_LEFT; CAM_BACK_RIGHT","","3.82"
"de7d80a1f5fb4c3e82ce8a4f213b450a","648fe1aeca944fb793b334cb6ee01854","planning","what_query","What actions taken by the ego vehicle can lead to a collision with the vehicle in front-right camera?","Moderate right turn.","Accelerate and go straight actions taken by the ego vehicle can lead to a collision with the vehicle in front-right camera.","0.08","0.0","0.8474","4350.6","6","CAM_FRONT; CAM_FRONT_LEFT; CAM_FRONT_RIGHT; CAM_BACK; CAM_BACK_LEFT; CAM_BACK_RIGHT","A_hallucination","3.82"
"de7d80a1f5fb4c3e82ce8a4f213b450a","648fe1aeca944fb793b334cb6ee01854","planning","yes_no","Is the object in front camera an object that the ego vehicle should consider in the current scene?","No.","Yes.","0.0","0.0","0.9945","2727.7","6","CAM_FRONT; CAM_FRONT_LEFT; CAM_FRONT_RIGHT; CAM_BACK; CAM_BACK_LEFT; CAM_BACK_RIGHT","E_planning_error","3.82"
"de7d80a1f5fb4c3e82ce8a4f213b450a","648fe1aeca944fb793b334cb6ee01854","planning","what_query","What actions could the ego vehicle take based on the object in front camera? Why take this action and what's the probability?","The action is to turn left. The reason is that the object has little reference value for the ego vehicle, with a high probability.","Low.","0.0","0.0","0.8797","5050.6","6","CAM_FRONT; CAM_FRONT_LEFT; CAM_FRONT_RIGHT; CAM_BACK; CAM_BACK_LEFT; CAM_BACK_RIGHT","D_incomplete","3.82"
"de7d80a1f5fb4c3e82ce8a4f213b450a","648fe1aeca944fb793b334cb6ee01854","planning","what_query","What is the probability of colliding with the object in front camera after the ego vehicle turns left at a constant speed?","Low.","Low.","1.0","1.0","1.0","2752.3","6","CAM_FRONT; CAM_FRONT_LEFT; CAM_FRONT_RIGHT; CAM_BACK; CAM_BACK_LEFT; CAM_BACK_RIGHT","","3.82"
"de7d80a1f5fb4c3e82ce8a4f213b450a","648fe1aeca944fb793b334cb6ee01854","planning","what_query","What actions taken by the ego vehicle can lead to a collision with the object in front camera?","Moderate left turn.","Accelerate and go straight actions taken by the ego vehicle can lead to a collision with the object in front camera.","0.0","0.0","0.8339","4550.4","6","CAM_FRONT; CAM_FRONT_LEFT; CAM_FRONT_RIGHT; CAM_BACK; CAM_BACK_LEFT; CAM_BACK_RIGHT","A_hallucination","3.82"
"de7d80a1f5fb4c3e82ce8a4f213b450a","648fe1aeca944fb793b334cb6ee01854","planning","what_query","What is the traffic signal that the ego vehicle should pay attention to?","None.","The traffic signal that the ego vehicle should pay attention to is the one in front of the vehicle.","0.0","0.0","0.8745","3885.1","6","CAM_FRONT; CAM_FRONT_LEFT; CAM_FRONT_RIGHT; CAM_BACK; CAM_BACK_LEFT; CAM_BACK_RIGHT","A_hallucination","3.82"
"de7d80a1f5fb4c3e82ce8a4f213b450a","648fe1aeca944fb793b334cb6ee01854","planning","what_query","What is the target action of the ego vehicle?","Turn left.","The target action of the ego vehicle is to keep going at the same speed.","0.0","0.0","0.8602","3506.3","6","CAM_FRONT; CAM_FRONT_LEFT; CAM_FRONT_RIGHT; CAM_BACK; CAM_BACK_LEFT; CAM_BACK_RIGHT","E_planning_error","3.82"
"de7d80a1f5fb4c3e82ce8a4f213b450a","648fe1aeca944fb793b334cb6ee01854","planning","other_question_type","In this scenario, what are safe actions to take for the ego vehicle?","Keep going at the same speed, decelerate gradually without braking, slightly offset to the left, and turn left.","In this scenario, the ego vehicle should maintain a safe distance from the vehicle in front camera. This can be achieved by accelerating and going straight.","0.1364","0.0","0.8549","5294.2","6","CAM_FRONT; CAM_FRONT_LEFT; CAM_FRONT_RIGHT; CAM_BACK; CAM_BACK_LEFT; CAM_BACK_RIGHT","C_wrong_camera","3.82"
"de7d80a1f5fb4c3e82ce8a4f213b450a","648fe1aeca944fb793b334cb6ee01854","planning","other_question_type","In this scenario, what are dangerous actions to take for the ego vehicle?","Accelerate and go ahead, brake suddenly, change to the right lane, turn right, and back up.","High.","0.0","0.0","0.855","5807.9","6","CAM_FRONT; CAM_FRONT_LEFT; CAM_FRONT_RIGHT; CAM_BACK; CAM_BACK_LEFT; CAM_BACK_RIGHT","D_incomplete","3.82"
"de7d80a1f5fb4c3e82ce8a4f213b450a","648fe1aeca944fb793b334cb6ee01854","planning","what_query","What is the priority of the objects that the ego vehicle should consider?(in descending order)","The priority of the objects that the ego vehicle should consider (in descending order) is the vehicle in front-right camera, the vehicle in front camera, the object in front camera, the vehicle in back camera, the vehicle in front camera.","There are 5 people to the left.","0.0417","0.0","0.8338","3480.7","6","CAM_FRONT; CAM_FRONT_LEFT; CAM_FRONT_RIGHT; CAM_BACK; CAM_BACK_LEFT; CAM_BACK_RIGHT","C_wrong_camera","3.82"
"de7d80a1f5fb4c3e82ce8a4f213b450a","648fe1aeca944fb793b334cb6ee01854","planning","what_query","What's your comment on this scene?","The lighting in this scene is quite dark, worth noting.","The scene shows a busy street with multiple vehicles, including cars and a bus. There are several people walking around, and some are carrying backpacks.","0.1143","0.0","0.864","6144.2","6","CAM_FRONT; CAM_FRONT_LEFT; CAM_FRONT_RIGHT; CAM_BACK; CAM_BACK_LEFT; CAM_BACK_RIGHT","A_hallucination","3.82"
"de7d80a1f5fb4c3e82ce8a4f213b450a","648fe1aeca944fb793b334cb6ee01854","behavior","ego_behavior_prediction","Predict the behavior of the ego vehicle.","The ego vehicle is going straight. The ego vehicle is driving slowly.","The ego vehicle is going straight. The ego vehicle is driving fast.","0.9167","0.0","0.9914","3357.0","6","CAM_FRONT; CAM_FRONT_LEFT; CAM_FRONT_RIGHT; CAM_BACK; CAM_BACK_LEFT; CAM_BACK_RIGHT","","3.82"
"de7d80a1f5fb4c3e82ce8a4f213b450a","07175443e8444b8c8c4802fd004e33c1","perception","object_enumeration","What are objects to the back of the ego car?","There are many pedestrians, two bicycles, many cars, and one bus behind the ego car.","There are many pedestrians and two cars behind the ego car.","0.7692","0.0","0.9532","3403.9","6","CAM_FRONT; CAM_FRONT_LEFT; CAM_FRONT_RIGHT; CAM_BACK; CAM_BACK_LEFT; CAM_BACK_RIGHT","","3.82"
"de7d80a1f5fb4c3e82ce8a4f213b450a","07175443e8444b8c8c4802fd004e33c1","perception","status_query","What is the status of the pedestrians that are to the back of the ego car?","Three of the pedestrians are standing, and many are moving.","There are many pedestrians and two cars behind the ego car.","0.1905","0.0","0.8866","3377.8","6","CAM_FRONT; CAM_FRONT_LEFT; CAM_FRONT_RIGHT; CAM_BACK; CAM_BACK_LEFT; CAM_BACK_RIGHT","F_other","3.82"
"de7d80a1f5fb4c3e82ce8a4f213b450a","07175443e8444b8c8c4802fd004e33c1","perception","object_enumeration","What are objects to the front right of the ego car?","There are many cars and pedestrians to the front right of the ego car.","There are two cars and many pedestrians to the front right of the ego car.","0.8966","0.0","0.9808","3584.3","6","CAM_FRONT; CAM_FRONT_LEFT; CAM_FRONT_RIGHT; CAM_BACK; CAM_BACK_LEFT; CAM_BACK_RIGHT","","3.82"
"de7d80a1f5fb4c3e82ce8a4f213b450a","07175443e8444b8c8c4802fd004e33c1","perception","status_query","What is the status of the cars that are to the front right of the ego car?","Many cars are parked.","There are two cars behind the ego car.","0.1667","0.0","0.9066","3095.4","6","CAM_FRONT; CAM_FRONT_LEFT; CAM_FRONT_RIGHT; CAM_BACK; CAM_BACK_LEFT; CAM_BACK_RIGHT","F_other","3.82"
"de7d80a1f5fb4c3e82ce8a4f213b450a","07175443e8444b8c8c4802fd004e33c1","perception","object_enumeration","What are objects to the front of the ego car?","There are many cars and one pedestrian in front of the ego car.","There are many pedestrians and two cars in front of the ego car.","0.7692","0.0","0.9748","3646.2","6","CAM_FRONT; CAM_FRONT_LEFT; CAM_FRONT_RIGHT; CAM_BACK; CAM_BACK_LEFT; CAM_BACK_RIGHT","","3.82"
"de7d80a1f5fb4c3e82ce8a4f213b450a","07175443e8444b8c8c4802fd004e33c1","perception","status_query","What is the status of the cars that are to the front of the ego car?","Many cars are parked, and two are moving.","There are two cars in front of the ego car.","0.2222","0.0","0.8974","3143.1","6","CAM_FRONT; CAM_FRONT_LEFT; CAM_FRONT_RIGHT; CAM_BACK; CAM_BACK_LEFT; CAM_BACK_RIGHT","F_other","3.82"
"de7d80a1f5fb4c3e82ce8a4f213b450a","07175443e8444b8c8c4802fd004e33c1","perception","object_enumeration","What are objects to the back right of the ego car?","There are many pedestrians and one bicycle to the back right of the ego car.","There are two cars behind the ego car.","0.4348","0.0","0.9169","3136.3","6","CAM_FRONT; CAM_FRONT_LEFT; CAM_FRONT_RIGHT; CAM_BACK; CAM_BACK_LEFT; CAM_BACK_RIGHT","","3.82"
"de7d80a1f5fb4c3e82ce8a4f213b450a","07175443e8444b8c8c4802fd004e33c1","perception","status_query","What is the status of the pedestrians that are to the back right of the ego car?","Many pedestrians are moving.","There are many pedestrians and two cars behind the ego car.","0.2667","0.0","0.8955","3499.6","6","CAM_FRONT; CAM_FRONT_LEFT; CAM_FRONT_RIGHT; CAM_BACK; CAM_BACK_LEFT; CAM_BACK_RIGHT","F_other","3.82"
"de7d80a1f5fb4c3e82ce8a4f213b450a","07175443e8444b8c8c4802fd004e33c1","perception","status_query","What is the status of the bicycles that are to the back of the ego car?","Two bicycles are without riders.","There are two bicycles behind the ego car.","0.3077","0.0","0.8916","3430.2","6","CAM_FRONT; CAM_FRONT_LEFT; CAM_FRONT_RIGHT; CAM_BACK; CAM_BACK_LEFT; CAM_BACK_RIGHT","","3.82"
"de7d80a1f5fb4c3e82ce8a4f213b450a","07175443e8444b8c8c4802fd004e33c1","perception","object_enumeration","What are objects to the back left of the ego car?","There are three cars and one pedestrian to the back left of the ego car.","There are two cars behind the ego car.","0.5217","0.0","0.9363","3130.7","6","CAM_FRONT; CAM_FRONT_LEFT; CAM_FRONT_RIGHT; CAM_BACK; CAM_BACK_LEFT; CAM_BACK_RIGHT","","3.82"
"de7d80a1f5fb4c3e82ce8a4f213b450a","07175443e8444b8c8c4802fd004e33c1","perception","status_query","What is the status of the cars that are to the back left of the ego car?","Two of the cars are moving, and one is parked.","There are two cars behind the ego car.","0.3333","0.0","0.892","3119.8","6","CAM_FRONT; CAM_FRONT_LEFT; CAM_FRONT_RIGHT; CAM_BACK; CAM_BACK_LEFT; CAM_BACK_RIGHT","","3.82"
"de7d80a1f5fb4c3e82ce8a4f213b450a","07175443e8444b8c8c4802fd004e33c1","perception","status_query","What is the status of the cars that are to the back of the ego car?","Three of the cars are parked, and one is moving.","There are two cars behind the ego car.","0.2222","0.0","0.8915","3126.6","6","CAM_FRONT; CAM_FRONT_LEFT; CAM_FRONT_RIGHT; CAM_BACK; CAM_BACK_LEFT; CAM_BACK_RIGHT","F_other","3.82"
"de7d80a1f5fb4c3e82ce8a4f213b450a","07175443e8444b8c8c4802fd004e33c1","perception","status_query","What is the status of the pedestrians that are to the front right of the ego car?","Many pedestrians are moving.","There are many pedestrians and two cars behind the ego car.","0.2667","0.0","0.8955","3367.0","6","CAM_FRONT; CAM_FRONT_LEFT; CAM_FRONT_RIGHT; CAM_BACK; CAM_BACK_LEFT; CAM_BACK_RIGHT","F_other","3.82"
"de7d80a1f5fb4c3e82ce8a4f213b450a","07175443e8444b8c8c4802fd004e33c1","perception","status_query","What is the status of the bus that is to the back of the ego car?","One bus is stopped.","Moving.","0.0","0.0","0.9009","2646.6","6","CAM_FRONT; CAM_FRONT_LEFT; CAM_FRONT_RIGHT; CAM_BACK; CAM_BACK_LEFT; CAM_BACK_RIGHT","B_wrong_status","3.82"
"de7d80a1f5fb4c3e82ce8a4f213b450a","07175443e8444b8c8c4802fd004e33c1","perception","object_enumeration","What are objects to the front left of the ego car?","There is one pedestrian to the front left of the ego car.","There are two cars and many pedestrians to the front left of the ego car.","0.7407","0.0","0.9572","3526.7","6","CAM_FRONT; CAM_FRONT_LEFT; CAM_FRONT_RIGHT; CAM_BACK; CAM_BACK_LEFT; CAM_BACK_RIGHT","","3.82"
"de7d80a1f5fb4c3e82ce8a4f213b450a","07175443e8444b8c8c4802fd004e33c1","perception","status_query","What is the status of the pedestrian that is to the front left of the ego car?","The pedestrian to the front left of the ego car is moving.","There is a person walking to the front left of the ego car.","0.64","0.0","0.9545","3310.5","6","CAM_FRONT; CAM_FRONT_LEFT; CAM_FRONT_RIGHT; CAM_BACK; CAM_BACK_LEFT; CAM_BACK_RIGHT","","3.82"
"de7d80a1f5fb4c3e82ce8a4f213b450a","07175443e8444b8c8c4802fd004e33c1","perception","status_query","What is the status of the pedestrian that is to the back left of the ego car?","The pedestrian to the back left of the ego car is moving.","Moving.","0.1538","0.0","0.8748","2712.4","6","CAM_FRONT; CAM_FRONT_LEFT; CAM_FRONT_RIGHT; CAM_BACK; CAM_BACK_LEFT; CAM_BACK_RIGHT","D_incomplete","3.82"
"de7d80a1f5fb4c3e82ce8a4f213b450a","07175443e8444b8c8c4802fd004e33c1","perception","status_query","What is the status of the pedestrian that is to the front of the ego car?","The pedestrian in front of the ego car is moving.","There is a person walking in front of the ego car.","0.5714","0.0","0.9294","3267.7","6","CAM_FRONT; CAM_FRONT_LEFT; CAM_FRONT_RIGHT; CAM_BACK; CAM_BACK_LEFT; CAM_BACK_RIGHT","","3.82"
"de7d80a1f5fb4c3e82ce8a4f213b450a","07175443e8444b8c8c4802fd004e33c1","perception","status_query","What is the status of the bicycle that is to the back right of the ego car?","One bicycle is without a rider.","Moving.","0.0","0.0","0.8764","2744.1","6","CAM_FRONT; CAM_FRONT_LEFT; CAM_FRONT_RIGHT; CAM_BACK; CAM_BACK_LEFT; CAM_BACK_RIGHT","D_incomplete","3.82"
"de7d80a1f5fb4c3e82ce8a4f213b450a","07175443e8444b8c8c4802fd004e33c1","perception","yes_no","Are there traffic cones to the front of the ego car?","No.","No.","1.0","1.0","1.0","2554.5","6","CAM_FRONT; CAM_FRONT_LEFT; CAM_FRONT_RIGHT; CAM_BACK; CAM_BACK_LEFT; CAM_BACK_RIGHT","","3.82"
"de7d80a1f5fb4c3e82ce8a4f213b450a","07175443e8444b8c8c4802fd004e33c1","perception","yes_no","Are there bicycles with riders to the front of the ego car?","No.","No.","1.0","1.0","1.0","2547.0","6","CAM_FRONT; CAM_FRONT_LEFT; CAM_FRONT_RIGHT; CAM_BACK; CAM_BACK_LEFT; CAM_BACK_RIGHT","","3.82"
"de7d80a1f5fb4c3e82ce8a4f213b450a","07175443e8444b8c8c4802fd004e33c1","perception","yes_no","Are there moving trucks to the back right of the ego car?","No.","Yes.","0.0","0.0","0.9945","2556.8","6","CAM_FRONT; CAM_FRONT_LEFT; CAM_FRONT_RIGHT; CAM_BACK; CAM_BACK_LEFT; CAM_BACK_RIGHT","F_other","3.82"
"de7d80a1f5fb4c3e82ce8a4f213b450a","07175443e8444b8c8c4802fd004e33c1","perception","yes_no","Are there traffic cones to the front left of the ego car?","No.","No.","1.0","1.0","1.0","2551.0","6","CAM_FRONT; CAM_FRONT_LEFT; CAM_FRONT_RIGHT; CAM_BACK; CAM_BACK_LEFT; CAM_BACK_RIGHT","","3.82"
"de7d80a1f5fb4c3e82ce8a4f213b450a","07175443e8444b8c8c4802fd004e33c1","perception","yes_no","Are there moving cars to the front of the ego car?","Yes.","Yes.","1.0","1.0","1.0","2492.6","6","CAM_FRONT; CAM_FRONT_LEFT; CAM_FRONT_RIGHT; CAM_BACK; CAM_BACK_LEFT; CAM_BACK_RIGHT","","3.82"
"de7d80a1f5fb4c3e82ce8a4f213b450a","07175443e8444b8c8c4802fd004e33c1","perception","yes_no","Are there parked cars to the front of the ego car?","Yes.","No.","0.0","0.0","0.9945","2516.5","6","CAM_FRONT; CAM_FRONT_LEFT; CAM_FRONT_RIGHT; CAM_BACK; CAM_BACK_LEFT; CAM_BACK_RIGHT","F_other","3.82"
"de7d80a1f5fb4c3e82ce8a4f213b450a","07175443e8444b8c8c4802fd004e33c1","perception","yes_no","Are there moving pedestrians to the back of the ego car?","Yes.","Yes.","1.0","1.0","1.0","2326.6","6","CAM_FRONT; CAM_FRONT_LEFT; CAM_FRONT_RIGHT; CAM_BACK; CAM_BACK_LEFT; CAM_BACK_RIGHT","","3.82"
"de7d80a1f5fb4c3e82ce8a4f213b450a","07175443e8444b8c8c4802fd004e33c1","perception","yes_no","Are there moving pedestrians to the front left of the ego car?","Yes.","Yes.","1.0","1.0","1.0","2535.7","6","CAM_FRONT; CAM_FRONT_LEFT; CAM_FRONT_RIGHT; CAM_BACK; CAM_BACK_LEFT; CAM_BACK_RIGHT","","3.82"
"de7d80a1f5fb4c3e82ce8a4f213b450a","07175443e8444b8c8c4802fd004e33c1","perception","yes_no","Are there moving pedestrians to the front right of the ego car?","Yes.","Yes.","1.0","1.0","1.0","2699.5","6","CAM_FRONT; CAM_FRONT_LEFT; CAM_FRONT_RIGHT; CAM_BACK; CAM_BACK_LEFT; CAM_BACK_RIGHT","","3.82"
"de7d80a1f5fb4c3e82ce8a4f213b450a","07175443e8444b8c8c4802fd004e33c1","perception","yes_no","Are there moving pedestrians to the back right of the ego car?","Yes.","Yes.","1.0","1.0","1.0","2340.8","6","CAM_FRONT; CAM_FRONT_LEFT; CAM_FRONT_RIGHT; CAM_BACK; CAM_BACK_LEFT; CAM_BACK_RIGHT","","3.82"
"de7d80a1f5fb4c3e82ce8a4f213b450a","07175443e8444b8c8c4802fd004e33c1","perception","other_question_type","Please describe the current scene.","There are two moving cars in front of the ego car, two parked cars in front of the ego car, one parked car to the front right of the ego car, two parked cars behind the ego car, two standing pedestrians behind the ego car, and many moving pedestrians behind the ego car.","The scene is a busy street at night, with many pedestrians walking and standing around the area. There are two cars in the background, and a person is walking with an umbrella.","0.1647","0.0","0.8729","6185.5","6","CAM_FRONT; CAM_FRONT_LEFT; CAM_FRONT_RIGHT; CAM_BACK; CAM_BACK_LEFT; CAM_BACK_RIGHT","B_wrong_status","3.82"
"de7d80a1f5fb4c3e82ce8a4f213b450a","07175443e8444b8c8c4802fd004e33c1","perception","what_query","What is the relative positioning of the important objects in the current scene?","the vehicle in front camera is on the front left of the vehicle in front-right camera, the vehicle in back camera is at the back of the vehicle in front-right camera, the vehicle in back camera is at the back left of the vehicle in front-right camera, the vehicle in front camera is in front of the vehicle in back camera, the vehicle in back camera is at the back right of the vehicle in back camera, and the vehicle in back camera is at the back of the vehicle in front camera.","The ego car is in the front, and there are many pedestrians and two cars behind it.","0.1062","0.0","0.8356","2559.1","3","CAM_FRONT; CAM_FRONT_RIGHT; CAM_BACK","C_wrong_camera","3.82"
"de7d80a1f5fb4c3e82ce8a4f213b450a","07175443e8444b8c8c4802fd004e33c1","perception","yes_no","Is there any traffic element in the front view?","No, there are no traffic elements in the front view.","Yes.","0.0","0.0","0.9059","2559.7","6","CAM_FRONT; CAM_FRONT_LEFT; CAM_FRONT_RIGHT; CAM_BACK; CAM_BACK_LEFT; CAM_BACK_RIGHT","D_incomplete","3.82"
"de7d80a1f5fb4c3e82ce8a4f213b450a","07175443e8444b8c8c4802fd004e33c1","perception","which_query","Which lanes are each important object on in the scene?","the vehicle in back camera is in the ego lane.","There are two lanes in the scene. The ego car is in the left lane, and the pedestrians are in the right lane.","0.303","0.0","0.8787","2181.0","1","CAM_BACK","","3.82"
"de7d80a1f5fb4c3e82ce8a4f213b450a","07175443e8444b8c8c4802fd004e33c1","perception","what_query","What are the important objects in the current scene? Those objects will be considered for the future reasoning and driving decision.","There is a white small truck to the front right of the ego vehicle, a white commercial vehicle to the back of the ego vehicle, a white sedan to the front of the ego vehicle, and a black car to the back of the ego vehicle. The IDs of these objects are the vehicle in front-right camera, the vehicle in back camera, the vehicle in front camera, and the vehicle in back camera.","There are many pedestrians and two cars behind the ego car.","0.1176","0.0","0.8432","2014.4","3","CAM_FRONT_RIGHT; CAM_BACK; CAM_FRONT","D_incomplete","3.82"
"de7d80a1f5fb4c3e82ce8a4f213b450a","07175443e8444b8c8c4802fd004e33c1","perception","what_query","What is the observed status of the vehicle in front-right camera?","Stationary.","Moving.","0.0","0.0","0.9269","772.9","1","CAM_FRONT_RIGHT","B_wrong_status","3.82"
"de7d80a1f5fb4c3e82ce8a4f213b450a","07175443e8444b8c8c4802fd004e33c1","perception","what_query","What is the observed status of the vehicle in back camera?","Moving.","Moving.","1.0","1.0","1.0","736.3","1","CAM_BACK","","3.82"
"de7d80a1f5fb4c3e82ce8a4f213b450a","07175443e8444b8c8c4802fd004e33c1","perception","what_query","What is the moving status of the vehicle in back camera?","Turn left.","Moving.","0.0","0.0","0.9202","743.0","1","CAM_BACK","F_other","3.82"
"de7d80a1f5fb4c3e82ce8a4f213b450a","07175443e8444b8c8c4802fd004e33c1","perception","what_query","What is the observed status of the vehicle in front camera?","Moving.","Moving.","1.0","1.0","1.0","768.5","1","CAM_FRONT","","3.82"
"de7d80a1f5fb4c3e82ce8a4f213b450a","07175443e8444b8c8c4802fd004e33c1","perception","what_query","What is the moving status of the vehicle in front camera?","Going ahead.","Moving.","0.0","0.0","0.9201","740.9","1","CAM_FRONT","F_other","3.82"
"de7d80a1f5fb4c3e82ce8a4f213b450a","07175443e8444b8c8c4802fd004e33c1","perception","what_query","What is the observed status of the vehicle in back camera?","Stationary.","Moving.","0.0","0.0","0.9269","743.7","1","CAM_BACK","B_wrong_status","3.82"
"de7d80a1f5fb4c3e82ce8a4f213b450a","07175443e8444b8c8c4802fd004e33c1","perception","visual_description","What is the visual description of the vehicle in front-right camera?","White small truck.","White.","0.5","0.0","0.9107","692.8","1","CAM_FRONT_RIGHT","","3.82"
"de7d80a1f5fb4c3e82ce8a4f213b450a","07175443e8444b8c8c4802fd004e33c1","perception","visual_description","What is the visual description of the vehicle in back camera?","White commercial vehicle.","Moving.","0.0","0.0","0.904","755.2","1","CAM_BACK","D_incomplete","3.82"
"de7d80a1f5fb4c3e82ce8a4f213b450a","07175443e8444b8c8c4802fd004e33c1","perception","visual_description","What is the visual description of the vehicle in front camera?","White sedan.","There is a silver car in front of the camera.","0.0","0.0","0.8843","1197.3","1","CAM_FRONT","F_other","3.82"
"de7d80a1f5fb4c3e82ce8a4f213b450a","07175443e8444b8c8c4802fd004e33c1","perception","visual_description","What is the visual description of the vehicle in back camera?","Black car.","Moving.","0.0","0.0","0.9313","758.3","1","CAM_BACK","F_other","3.82"
"de7d80a1f5fb4c3e82ce8a4f213b450a","07175443e8444b8c8c4802fd004e33c1","prediction","yes_no","Is the object in front-right camera a traffic sign or a road barrier?","No.","There are two objects to the right.","0.0","0.0","0.9001","1030.8","1","CAM_FRONT_RIGHT","F_other","3.82"
"de7d80a1f5fb4c3e82ce8a4f213b450a","07175443e8444b8c8c4802fd004e33c1","prediction","other_question_type","Would the vehicle in front-right camera be in the moving direction of the ego vehicle?","No.","No.","1.0","1.0","1.0","729.3","1","CAM_FRONT_RIGHT","","3.82"
"de7d80a1f5fb4c3e82ce8a4f213b450a","07175443e8444b8c8c4802fd004e33c1","prediction","what_query","What is the future state of the vehicle in front-right camera?","Stationary.","Moving.","0.0","0.0","0.9269","780.9","1","CAM_FRONT_RIGHT","B_wrong_status","3.82"
"de7d80a1f5fb4c3e82ce8a4f213b450a","07175443e8444b8c8c4802fd004e33c1","prediction","yes_no","Is the object in back camera a traffic sign or a road barrier?","No.","There are two traffic lights to the right.","0.0","0.0","0.8983","1073.1","1","CAM_BACK","F_other","3.82"
"de7d80a1f5fb4c3e82ce8a4f213b450a","07175443e8444b8c8c4802fd004e33c1","prediction","which_query","Which object is most likely to be occluded by the vehicle in back camera? Would this object affect the ego vehicle? Based on this object, what action of the ego vehicle is dangerous?","None, no, none.","There is a traffic light in front camera. The ego vehicle is moving.","0.0","0.0","0.8341","1429.4","1","CAM_BACK","F_other","3.82"
"de7d80a1f5fb4c3e82ce8a4f213b450a","07175443e8444b8c8c4802fd004e33c1","prediction","other_question_type","Would the vehicle in back camera be in the moving direction of the ego vehicle?","No.","No.","1.0","1.0","1.0","700.1","1","CAM_BACK","","3.82"
"de7d80a1f5fb4c3e82ce8a4f213b450a","07175443e8444b8c8c4802fd004e33c1","prediction","what_query","What is the future state of the vehicle in back camera?","Turn left.","Moving.","0.0","0.0","0.9202","773.2","1","CAM_BACK","F_other","3.82"
"de7d80a1f5fb4c3e82ce8a4f213b450a","07175443e8444b8c8c4802fd004e33c1","prediction","yes_no","Is the object in front camera a traffic sign or a road barrier?","No.","There are two objects in front camera.","0.0","0.0","0.8888","1004.0","1","CAM_FRONT","F_other","3.82"
"de7d80a1f5fb4c3e82ce8a4f213b450a","07175443e8444b8c8c4802fd004e33c1","prediction","which_query","Which object is most likely to be occluded by the vehicle in front camera? Would this object affect the ego vehicle? Based on this object, what action of the ego vehicle is dangerous?","Yes, the ego vehicle would most likely be occluded by the vehicle in front camera. This object would affect the ego vehicle. Based on this object, accelerating and moving ahead would be a dangerous action for the ego vehicle.","There are two cars in front of the ego vehicle. The car in front of the ego vehicle is most likely to be occluded by the ego vehicle. This car is parked and does not affect the ego vehicle. The ego vehicle is moving.","0.4337","0.0","0.9112","3401.5","1","CAM_FRONT","","3.82"
"de7d80a1f5fb4c3e82ce8a4f213b450a","07175443e8444b8c8c4802fd004e33c1","prediction","other_question_type","Would the vehicle in front camera be in the moving direction of the ego vehicle?","Yes.","No.","0.0","0.0","0.9945","701.1","1","CAM_FRONT","F_other","3.82"
"de7d80a1f5fb4c3e82ce8a4f213b450a","07175443e8444b8c8c4802fd004e33c1","prediction","what_query","What is the future state of the vehicle in front camera?","Keep going straight.","Moving.","0.0","0.0","0.9134","740.7","1","CAM_FRONT","D_incomplete","3.82"
"de7d80a1f5fb4c3e82ce8a4f213b450a","07175443e8444b8c8c4802fd004e33c1","prediction","yes_no","Is the object in back camera a traffic sign or a road barrier?","No.","There are two traffic lights to the right.","0.0","0.0","0.8983","1053.1","1","CAM_BACK","F_other","3.82"
"de7d80a1f5fb4c3e82ce8a4f213b450a","07175443e8444b8c8c4802fd004e33c1","prediction","other_question_type","Would the vehicle in back camera be in the moving direction of the ego vehicle?","No.","No.","1.0","1.0","1.0","702.1","1","CAM_BACK","","3.82"
"de7d80a1f5fb4c3e82ce8a4f213b450a","07175443e8444b8c8c4802fd004e33c1","prediction","what_query","What is the future state of the vehicle in back camera?","Stationary.","Moving.","0.0","0.0","0.9269","750.7","1","CAM_BACK","B_wrong_status","3.82"
"de7d80a1f5fb4c3e82ce8a4f213b450a","07175443e8444b8c8c4802fd004e33c1","prediction","what_query","What object should the ego vehicle notice first when the ego vehicle is getting to the next possible location? What is the state of the object that is first noticed by the ego vehicle and what action should the ego vehicle take? What object should the ego vehicle notice second when the ego vehicle is getting to the next possible location? What is the state of the object perceived by the ego vehicle as second and what action should the ego vehicle take? What object should the ego vehicle notice third? What is the state of the object perceived by the ego vehicle as third and what action should the ego vehicle take?","Firstly, notice that the vehicle in front camera. The object is going ahead, so the ego vehicle should slow down and go ahead. Secondly, notice that the vehicle in front-right camera. The object is stationary, so the ego vehicle should keep going ahead at the same speed. Thirdly, notice that the vehicle in back camera. The object is turning left, so the ego vehicle should keep going ahead at the same speed.","There are 3 traffic lights to the right.","0.0494","0.0","0.8315","1800.9","3","CAM_FRONT; CAM_FRONT_RIGHT; CAM_BACK","C_wrong_camera","3.82"
"de7d80a1f5fb4c3e82ce8a4f213b450a","07175443e8444b8c8c4802fd004e33c1","prediction","yes_no","Are the object in front camera and the object in back camera traffic signs?","Neither is a traffic sign.","No.","0.0","0.0","0.8958","1046.3","2","CAM_FRONT; CAM_BACK","D_incomplete","3.82"
"de7d80a1f5fb4c3e82ce8a4f213b450a","07175443e8444b8c8c4802fd004e33c1","prediction","future_state","Will the vehicle in front camera be in the moving direction of the vehicle in back camera?","Yes.","No.","0.0","0.0","0.9945","1026.5","2","CAM_FRONT; CAM_BACK","F_other","3.82"
"de7d80a1f5fb4c3e82ce8a4f213b450a","07175443e8444b8c8c4802fd004e33c1","prediction","future_state","Will the vehicle in front camera change its motion state based on the vehicle in back camera?","No.","No.","1.0","1.0","1.0","1018.9","2","CAM_FRONT; CAM_BACK","","3.82"
"de7d80a1f5fb4c3e82ce8a4f213b450a","07175443e8444b8c8c4802fd004e33c1","prediction","other_question_type","Based on the observations of the vehicle in back camera, what are possible actions to be taken by the vehicle in front camera? What is the reason?","The action is to keep going at the same speed; the reason is that there is no safety issue.","The vehicle in front camera is moving.","0.1538","0.0","0.855","1308.8","2","CAM_BACK; CAM_FRONT","D_incomplete","3.82"
"de7d80a1f5fb4c3e82ce8a4f213b450a","07175443e8444b8c8c4802fd004e33c1","prediction","what_query","What object would consider the vehicle in front camera to be most relevant to its decision?","The ego vehicle.","The ego vehicle.","1.0","1.0","1.0","826.7","1","CAM_FRONT","","3.82"
"de7d80a1f5fb4c3e82ce8a4f213b450a","07175443e8444b8c8c4802fd004e33c1","prediction","other_question_type","Except for the ego vehicle, what object would consider the vehicle in front camera to be most relevant to its decision?","the vehicle in back camera.","None.","0.0","0.0","0.8901","1030.3","2","CAM_FRONT; CAM_BACK","D_incomplete","3.82"
"de7d80a1f5fb4c3e82ce8a4f213b450a","07175443e8444b8c8c4802fd004e33c1","prediction","what_query","What object would consider the vehicle in back camera to be most relevant to its decision?","the vehicle in back camera.","There are two vehicles in front of the ego vehicle.","0.2667","0.0","0.8838","1177.2","1","CAM_BACK","C_wrong_camera","3.82"
"de7d80a1f5fb4c3e82ce8a4f213b450a","07175443e8444b8c8c4802fd004e33c1","prediction","yes_no","Are the object in back camera and the object in back camera traffic signs?","Neither is a traffic sign.","No.","0.0","0.0","0.8958","693.9","1","CAM_BACK","D_incomplete","3.82"
"de7d80a1f5fb4c3e82ce8a4f213b450a","07175443e8444b8c8c4802fd004e33c1","prediction","future_state","Will the vehicle in back camera be in the moving direction of the vehicle in back camera?","No.","No.","1.0","1.0","1.0","696.9","1","CAM_BACK","","3.82"
"de7d80a1f5fb4c3e82ce8a4f213b450a","07175443e8444b8c8c4802fd004e33c1","prediction","future_state","Will the vehicle in back camera change its motion state based on the vehicle in back camera?","No.","No.","1.0","1.0","1.0","695.0","1","CAM_BACK","","3.82"
"de7d80a1f5fb4c3e82ce8a4f213b450a","07175443e8444b8c8c4802fd004e33c1","prediction","other_question_type","Based on the observations of the vehicle in back camera, what are possible actions to be taken by the vehicle in back camera? What is the reason?","The action is to keep going at the same speed, and the reason is that there is no safety issue.","There are two vehicles in front of the vehicle in back camera. The vehicle in back camera should consider the traffic element in front camera to make a decision. The ego vehicle is moving.","0.1481","0.0","0.8521","2457.2","1","CAM_BACK","F_other","3.82"
"de7d80a1f5fb4c3e82ce8a4f213b450a","07175443e8444b8c8c4802fd004e33c1","prediction","what_query","What object would consider the vehicle in back camera to be most relevant to its decision?","the vehicle in back camera.","There are two vehicles in front of the ego vehicle.","0.2667","0.0","0.8838","1192.3","1","CAM_BACK","C_wrong_camera","3.82"
"de7d80a1f5fb4c3e82ce8a4f213b450a","07175443e8444b8c8c4802fd004e33c1","prediction","what_query","What object would consider the vehicle in back camera to be most relevant to its decision?","None.","There are two vehicles in front of the ego vehicle.","0.0","0.0","0.8923","1195.1","1","CAM_BACK","F_other","3.82"
"de7d80a1f5fb4c3e82ce8a4f213b450a","07175443e8444b8c8c4802fd004e33c1","planning","yes_no","Is the vehicle in front-right camera an object that the ego vehicle should consider in the current scene?","No.","Yes.","0.0","0.0","0.9945","2795.9","6","CAM_FRONT; CAM_FRONT_LEFT; CAM_FRONT_RIGHT; CAM_BACK; CAM_BACK_LEFT; CAM_BACK_RIGHT","E_planning_error","3.82"
"de7d80a1f5fb4c3e82ce8a4f213b450a","07175443e8444b8c8c4802fd004e33c1","planning","what_query","What actions could the ego vehicle take based on the vehicle in front-right camera? Why take this action and what's the probability?","The action is to keep going at the same speed because there is no safety issue. The probability of taking this action is high.","Low.","0.0","0.0","0.8788","4612.4","6","CAM_FRONT; CAM_FRONT_LEFT; CAM_FRONT_RIGHT; CAM_BACK; CAM_BACK_LEFT; CAM_BACK_RIGHT","D_incomplete","3.82"
"de7d80a1f5fb4c3e82ce8a4f213b450a","07175443e8444b8c8c4802fd004e33c1","planning","what_query","What is the probability of colliding with the vehicle in front-right camera after the ego vehicle goes straight and keeps the same speed?Does the ego vehicle tend to take the primary responsibility for the collision?","High, yes.","High.","0.6667","0.0","0.9155","3277.3","6","CAM_FRONT; CAM_FRONT_LEFT; CAM_FRONT_RIGHT; CAM_BACK; CAM_BACK_LEFT; CAM_BACK_RIGHT","","3.82"
"de7d80a1f5fb4c3e82ce8a4f213b450a","07175443e8444b8c8c4802fd004e33c1","planning","what_query","What actions taken by the ego vehicle can lead to a collision with the vehicle in front-right camera?","Sharp right turn.","Accelerate and go straight actions taken by the ego vehicle can lead to a collision with the vehicle in front-right camera.","0.08","0.0","0.8519","4370.8","6","CAM_FRONT; CAM_FRONT_LEFT; CAM_FRONT_RIGHT; CAM_BACK; CAM_BACK_LEFT; CAM_BACK_RIGHT","A_hallucination","3.82"
"de7d80a1f5fb4c3e82ce8a4f213b450a","07175443e8444b8c8c4802fd004e33c1","planning","yes_no","Is the vehicle in back camera an object that the ego vehicle should consider in the current scene?","Yes.","Yes.","1.0","1.0","1.0","2752.5","6","CAM_FRONT; CAM_FRONT_LEFT; CAM_FRONT_RIGHT; CAM_BACK; CAM_BACK_LEFT; CAM_BACK_RIGHT","","3.82"
"de7d80a1f5fb4c3e82ce8a4f213b450a","07175443e8444b8c8c4802fd004e33c1","planning","what_query","What actions could the ego vehicle take based on the vehicle in back camera? Why take this action and what's the probability?","The action is to keep going at the same speed. The reason is that the object has little reference value for the ego vehicle, with a high probability.","High.","0.069","0.0","0.8719","4642.6","6","CAM_FRONT; CAM_FRONT_LEFT; CAM_FRONT_RIGHT; CAM_BACK; CAM_BACK_LEFT; CAM_BACK_RIGHT","D_incomplete","3.82"
"de7d80a1f5fb4c3e82ce8a4f213b450a","07175443e8444b8c8c4802fd004e33c1","planning","what_query","What is the probability of colliding with the vehicle in back camera after the ego vehicle decelerates and goes straight?Does the ego vehicle tend to take the primary responsibility for the collision?","High, yes.","Low.","0.0","0.0","0.9065","3240.1","6","CAM_FRONT; CAM_FRONT_LEFT; CAM_FRONT_RIGHT; CAM_BACK; CAM_BACK_LEFT; CAM_BACK_RIGHT","E_planning_error","3.82"
"de7d80a1f5fb4c3e82ce8a4f213b450a","07175443e8444b8c8c4802fd004e33c1","planning","what_query","What actions taken by the ego vehicle can lead to a collision with the vehicle in back camera?","Brake suddenly.","Accelerate and go straight actions taken by the ego vehicle can lead to a collision with the vehicle in back camera.","0.0","0.0","0.8333","4239.8","6","CAM_FRONT; CAM_FRONT_LEFT; CAM_FRONT_RIGHT; CAM_BACK; CAM_BACK_LEFT; CAM_BACK_RIGHT","A_hallucination","3.82"
"de7d80a1f5fb4c3e82ce8a4f213b450a","07175443e8444b8c8c4802fd004e33c1","planning","yes_no","Is the vehicle in front camera an object that the ego vehicle should consider in the current scene?","Yes.","Yes.","1.0","1.0","1.0","2795.4","6","CAM_FRONT; CAM_FRONT_LEFT; CAM_FRONT_RIGHT; CAM_BACK; CAM_BACK_LEFT; CAM_BACK_RIGHT","","3.82"
"de7d80a1f5fb4c3e82ce8a4f213b450a","07175443e8444b8c8c4802fd004e33c1","planning","what_query","What actions could the ego vehicle take based on the vehicle in front camera? Why take this action and what's the probability?","The action is to decelerate gradually without braking. The reason for taking this action is to avoid a collision, with a high probability.","Low.","0.0","0.0","0.8733","4530.2","6","CAM_FRONT; CAM_FRONT_LEFT; CAM_FRONT_RIGHT; CAM_BACK; CAM_BACK_LEFT; CAM_BACK_RIGHT","D_incomplete","3.82"
"de7d80a1f5fb4c3e82ce8a4f213b450a","07175443e8444b8c8c4802fd004e33c1","planning","what_query","What is the probability of colliding with the vehicle in front camera after the ego vehicle decelerates and goes straight?Does the ego vehicle tend to take the primary responsibility for the collision?","High, yes.","Low.","0.0","0.0","0.9065","3250.6","6","CAM_FRONT; CAM_FRONT_LEFT; CAM_FRONT_RIGHT; CAM_BACK; CAM_BACK_LEFT; CAM_BACK_RIGHT","E_planning_error","3.82"
"de7d80a1f5fb4c3e82ce8a4f213b450a","07175443e8444b8c8c4802fd004e33c1","planning","what_query","What actions taken by the ego vehicle can lead to a collision with the vehicle in front camera?","Accelerate and go straight.","Accelerate and go straight actions taken by the ego vehicle can lead to a collision with the vehicle in front camera.","0.32","0.0","0.8859","4282.5","6","CAM_FRONT; CAM_FRONT_LEFT; CAM_FRONT_RIGHT; CAM_BACK; CAM_BACK_LEFT; CAM_BACK_RIGHT","","3.82"
"de7d80a1f5fb4c3e82ce8a4f213b450a","07175443e8444b8c8c4802fd004e33c1","planning","yes_no","Is the vehicle in back camera an object that the ego vehicle should consider in the current scene?","No.","Yes.","0.0","0.0","0.9945","2739.2","6","CAM_FRONT; CAM_FRONT_LEFT; CAM_FRONT_RIGHT; CAM_BACK; CAM_BACK_LEFT; CAM_BACK_RIGHT","E_planning_error","3.82"
"de7d80a1f5fb4c3e82ce8a4f213b450a","07175443e8444b8c8c4802fd004e33c1","planning","what_query","What actions could the ego vehicle take based on the vehicle in back camera? Why take this action and what's the probability?","The action is to keep going at the same speed. The reason is that there is no safety issue, with a high probability.","High.","0.0833","0.0","0.8733","5198.2","6","CAM_FRONT; CAM_FRONT_LEFT; CAM_FRONT_RIGHT; CAM_BACK; CAM_BACK_LEFT; CAM_BACK_RIGHT","D_incomplete","3.82"
"de7d80a1f5fb4c3e82ce8a4f213b450a","07175443e8444b8c8c4802fd004e33c1","planning","what_query","What is the probability of colliding with the vehicle in back camera after the ego vehicle goes straight and keeps the same speed?Does the ego vehicle tend to take the primary responsibility for the collision?","High, yes.","High.","0.6667","0.0","0.9155","3235.3","6","CAM_FRONT; CAM_FRONT_LEFT; CAM_FRONT_RIGHT; CAM_BACK; CAM_BACK_LEFT; CAM_BACK_RIGHT","","3.82"
"de7d80a1f5fb4c3e82ce8a4f213b450a","07175443e8444b8c8c4802fd004e33c1","planning","what_query","What actions taken by the ego vehicle can lead to a collision with the vehicle in back camera?","Back up.","Accelerate and go straight actions taken by the ego vehicle can lead to a collision with the vehicle in back camera.","0.087","0.0","0.8538","4682.4","6","CAM_FRONT; CAM_FRONT_LEFT; CAM_FRONT_RIGHT; CAM_BACK; CAM_BACK_LEFT; CAM_BACK_RIGHT","A_hallucination","3.82"
"de7d80a1f5fb4c3e82ce8a4f213b450a","07175443e8444b8c8c4802fd004e33c1","planning","what_query","What is the traffic signal that the ego vehicle should pay attention to?","None.","The traffic signal that the ego vehicle should pay attention to is the one in the front left camera view.","0.0","0.0","0.8784","3977.1","6","CAM_FRONT; CAM_FRONT_LEFT; CAM_FRONT_RIGHT; CAM_BACK; CAM_BACK_LEFT; CAM_BACK_RIGHT","A_hallucination","3.82"
"de7d80a1f5fb4c3e82ce8a4f213b450a","07175443e8444b8c8c4802fd004e33c1","planning","what_query","What is the target action of the ego vehicle?","Go straight.","The target action of the ego vehicle is to keep going at the same speed.","0.1176","0.0","0.8667","3645.4","6","CAM_FRONT; CAM_FRONT_LEFT; CAM_FRONT_RIGHT; CAM_BACK; CAM_BACK_LEFT; CAM_BACK_RIGHT","E_planning_error","3.82"
"de7d80a1f5fb4c3e82ce8a4f213b450a","07175443e8444b8c8c4802fd004e33c1","planning","other_question_type","In this scenario, what are safe actions to take for the ego vehicle?","Keep going at the same speed, decelerate gradually without braking.","In this scenario, the ego vehicle should maintain a safe distance from the vehicle in front camera. This can be achieved by accelerating and going straight.","0.0556","0.0","0.8643","5952.1","6","CAM_FRONT; CAM_FRONT_LEFT; CAM_FRONT_RIGHT; CAM_BACK; CAM_BACK_LEFT; CAM_BACK_RIGHT","A_hallucination","3.82"
"de7d80a1f5fb4c3e82ce8a4f213b450a","07175443e8444b8c8c4802fd004e33c1","planning","other_question_type","In this scenario, what are dangerous actions to take for the ego vehicle?","Accelerate and go ahead, brake suddenly, brake gently to a stop, back up, turn right, turn left, change to the right lane, and change to the left lane are all dangerous actions for the ego vehicle in this scenario.","In this scenario, the ego vehicle should avoid accelerating and going straight, as these actions can lead to a collision with the vehicle in front camera. Instead, the vehicle should maintain a safe distance by keeping going at the same speed.","0.2","0.0","0.8585","5638.7","6","CAM_FRONT; CAM_FRONT_LEFT; CAM_FRONT_RIGHT; CAM_BACK; CAM_BACK_LEFT; CAM_BACK_RIGHT","C_wrong_camera","3.82"
"de7d80a1f5fb4c3e82ce8a4f213b450a","07175443e8444b8c8c4802fd004e33c1","planning","what_query","What is the priority of the objects that the ego vehicle should consider?(in descending order)","the vehicle in front camera, the vehicle in front-right camera, the vehicle in back camera, the vehicle in back camera are the priority of the objects that the ego vehicle should consider in descending order.","There are 4 vehicles to the left.","0.093","0.0","0.8531","3472.9","6","CAM_FRONT; CAM_FRONT_LEFT; CAM_FRONT_RIGHT; CAM_BACK; CAM_BACK_LEFT; CAM_BACK_RIGHT","C_wrong_camera","3.82"
"de7d80a1f5fb4c3e82ce8a4f213b450a","07175443e8444b8c8c4802fd004e33c1","behavior","ego_behavior_prediction","Predict the behavior of the ego vehicle.","The ego vehicle is slightly steering to the left. The ego vehicle is driving fast.","The ego vehicle is going straight. The ego vehicle is driving fast.","0.7407","0.0","0.9551","3390.8","6","CAM_FRONT; CAM_FRONT_LEFT; CAM_FRONT_RIGHT; CAM_BACK; CAM_BACK_LEFT; CAM_BACK_RIGHT","","3.82"
"de7d80a1f5fb4c3e82ce8a4f213b450a","6cb024831cce4b6e8acf85afb7cece6e","perception","object_enumeration","What are objects to the back of the ego car?","There are many cars, two bicycles, many pedestrians, and one bus behind the ego car.","There are many pedestrians and two cars behind the ego car.","0.6923","0.0","0.9512","3427.8","6","CAM_FRONT; CAM_FRONT_LEFT; CAM_FRONT_RIGHT; CAM_BACK; CAM_BACK_LEFT; CAM_BACK_RIGHT","","3.82"
"de7d80a1f5fb4c3e82ce8a4f213b450a","6cb024831cce4b6e8acf85afb7cece6e","perception","status_query","What is the status of the cars that are to the back of the ego car?","Many cars are parked, and two are moving.","There are two cars behind the ego car.","0.25","0.0","0.9015","3132.6","6","CAM_FRONT; CAM_FRONT_LEFT; CAM_FRONT_RIGHT; CAM_BACK; CAM_BACK_LEFT; CAM_BACK_RIGHT","F_other","3.82"
"de7d80a1f5fb4c3e82ce8a4f213b450a","6cb024831cce4b6e8acf85afb7cece6e","perception","object_enumeration","What are objects to the front right of the ego car?","There are many cars and one motorcycle to the front right of the ego car.","There are two cars and a truck in front of the ego car.","0.6429","0.0","0.9437","3413.8","6","CAM_FRONT; CAM_FRONT_LEFT; CAM_FRONT_RIGHT; CAM_BACK; CAM_BACK_LEFT; CAM_BACK_RIGHT","","3.82"
"de7d80a1f5fb4c3e82ce8a4f213b450a","6cb024831cce4b6e8acf85afb7cece6e","perception","status_query","What is the status of the cars that are to the front right of the ego car?","Many cars are parked.","There are two cars behind the ego car.","0.1667","0.0","0.9066","3131.2","6","CAM_FRONT; CAM_FRONT_LEFT; CAM_FRONT_RIGHT; CAM_BACK; CAM_BACK_LEFT; CAM_BACK_RIGHT","F_other","3.82"
"de7d80a1f5fb4c3e82ce8a4f213b450a","6cb024831cce4b6e8acf85afb7cece6e","perception","object_enumeration","What are objects to the front of the ego car?","There are many pedestrians and cars in front of the ego car.","There are two cars and a truck in front of the ego car.","0.72","0.0","0.9469","3399.6","6","CAM_FRONT; CAM_FRONT_LEFT; CAM_FRONT_RIGHT; CAM_BACK; CAM_BACK_LEFT; CAM_BACK_RIGHT","","3.82"
"de7d80a1f5fb4c3e82ce8a4f213b450a","6cb024831cce4b6e8acf85afb7cece6e","perception","status_query","What is the status of the pedestrians that are to the front of the ego car?","Many pedestrians are moving.","There are many pedestrians and two cars in front of the ego car.","0.2353","0.0","0.8923","3588.7","6","CAM_FRONT; CAM_FRONT_LEFT; CAM_FRONT_RIGHT; CAM_BACK; CAM_BACK_LEFT; CAM_BACK_RIGHT","F_other","3.82"
"de7d80a1f5fb4c3e82ce8a4f213b450a","6cb024831cce4b6e8acf85afb7cece6e","perception","status_query","What is the status of the bicycles that are to the back of the ego car?","Two bicycles are without riders.","There are no bicycles to the back of the ego car.","0.125","0.0","0.8914","3541.6","6","CAM_FRONT; CAM_FRONT_LEFT; CAM_FRONT_RIGHT; CAM_BACK; CAM_BACK_LEFT; CAM_BACK_RIGHT","F_other","3.82"
"de7d80a1f5fb4c3e82ce8a4f213b450a","6cb024831cce4b6e8acf85afb7cece6e","perception","object_enumeration","What are objects to the back right of the ego car?","There are many cars and pedestrians to the back right of the ego car.","There are two cars behind the ego car.","0.5455","0.0","0.9366","3161.0","6","CAM_FRONT; CAM_FRONT_LEFT; CAM_FRONT_RIGHT; CAM_BACK; CAM_BACK_LEFT; CAM_BACK_RIGHT","","3.82"
"de7d80a1f5fb4c3e82ce8a4f213b450a","6cb024831cce4b6e8acf85afb7cece6e","perception","status_query","What is the status of the cars that are to the back right of the ego car?","Many cars are parked.","There are two cars behind the ego car.","0.1667","0.0","0.9066","3116.1","6","CAM_FRONT; CAM_FRONT_LEFT; CAM_FRONT_RIGHT; CAM_BACK; CAM_BACK_LEFT; CAM_BACK_RIGHT","F_other","3.82"
"de7d80a1f5fb4c3e82ce8a4f213b450a","6cb024831cce4b6e8acf85afb7cece6e","perception","status_query","What is the status of the pedestrians that are to the back right of the ego car?","Many pedestrians are moving.","There are many pedestrians and two cars behind the ego car.","0.2667","0.0","0.8955","3592.5","6","CAM_FRONT; CAM_FRONT_LEFT; CAM_FRONT_RIGHT; CAM_BACK; CAM_BACK_LEFT; CAM_BACK_RIGHT","F_other","3.82"
"de7d80a1f5fb4c3e82ce8a4f213b450a","6cb024831cce4b6e8acf85afb7cece6e","perception","status_query","What is the status of the cars that are to the front of the ego car?","Many cars are moving.","There are two cars in front of the ego car.","0.1429","0.0","0.8998","3320.8","6","CAM_FRONT; CAM_FRONT_LEFT; CAM_FRONT_RIGHT; CAM_BACK; CAM_BACK_LEFT; CAM_BACK_RIGHT","F_other","3.82"
"de7d80a1f5fb4c3e82ce8a4f213b450a","6cb024831cce4b6e8acf85afb7cece6e","perception","status_query","What is the status of the pedestrians that are to the back of the ego car?","Many pedestrians are moving.","There are many pedestrians and two cars behind the ego car.","0.2667","0.0","0.8955","3639.9","6","CAM_FRONT; CAM_FRONT_LEFT; CAM_FRONT_RIGHT; CAM_BACK; CAM_BACK_LEFT; CAM_BACK_RIGHT","F_other","3.82"
"de7d80a1f5fb4c3e82ce8a4f213b450a","6cb024831cce4b6e8acf85afb7cece6e","perception","status_query","What is the status of the bus that is to the back of the ego car?","One bus is stopped.","Moving.","0.0","0.0","0.9009","2759.2","6","CAM_FRONT; CAM_FRONT_LEFT; CAM_FRONT_RIGHT; CAM_BACK; CAM_BACK_LEFT; CAM_BACK_RIGHT","B_wrong_status","3.82"
"de7d80a1f5fb4c3e82ce8a4f213b450a","6cb024831cce4b6e8acf85afb7cece6e","perception","object_enumeration","What are objects to the back left of the ego car?","There is one car and one pedestrian to the back left of the ego car.","There are many pedestrians and two cars behind the ego car.","0.3846","0.0","0.937","3469.8","6","CAM_FRONT; CAM_FRONT_LEFT; CAM_FRONT_RIGHT; CAM_BACK; CAM_BACK_LEFT; CAM_BACK_RIGHT","","3.82"
"de7d80a1f5fb4c3e82ce8a4f213b450a","6cb024831cce4b6e8acf85afb7cece6e","perception","status_query","What is the status of the car that is to the back left of the ego car?","One car is moving.","Moving.","0.4","0.0","0.901","2747.9","6","CAM_FRONT; CAM_FRONT_LEFT; CAM_FRONT_RIGHT; CAM_BACK; CAM_BACK_LEFT; CAM_BACK_RIGHT","","3.82"
"de7d80a1f5fb4c3e82ce8a4f213b450a","6cb024831cce4b6e8acf85afb7cece6e","perception","status_query","What is the status of the pedestrian that is to the back left of the ego car?","The pedestrian to the back left of the ego car is moving.","Moving.","0.1538","0.0","0.8748","2732.0","6","CAM_FRONT; CAM_FRONT_LEFT; CAM_FRONT_RIGHT; CAM_BACK; CAM_BACK_LEFT; CAM_BACK_RIGHT","D_incomplete","3.82"
"de7d80a1f5fb4c3e82ce8a4f213b450a","6cb024831cce4b6e8acf85afb7cece6e","perception","status_query","What is the status of the motorcycle that is to the front right of the ego car?","One motorcycle is with a rider.","Moving.","0.0","0.0","0.8812","2725.0","6","CAM_FRONT; CAM_FRONT_LEFT; CAM_FRONT_RIGHT; CAM_BACK; CAM_BACK_LEFT; CAM_BACK_RIGHT","D_incomplete","3.82"
"de7d80a1f5fb4c3e82ce8a4f213b450a","6cb024831cce4b6e8acf85afb7cece6e","perception","yes_no","Are there moving buses to the front right of the ego car?","No.","Yes.","0.0","0.0","0.9945","2584.0","6","CAM_FRONT; CAM_FRONT_LEFT; CAM_FRONT_RIGHT; CAM_BACK; CAM_BACK_LEFT; CAM_BACK_RIGHT","F_other","3.82"
"de7d80a1f5fb4c3e82ce8a4f213b450a","6cb024831cce4b6e8acf85afb7cece6e","perception","yes_no","Are there bicycles with riders to the front right of the ego car?","No.","No.","1.0","1.0","1.0","2568.7","6","CAM_FRONT; CAM_FRONT_LEFT; CAM_FRONT_RIGHT; CAM_BACK; CAM_BACK_LEFT; CAM_BACK_RIGHT","","3.82"
"de7d80a1f5fb4c3e82ce8a4f213b450a","6cb024831cce4b6e8acf85afb7cece6e","perception","yes_no","Are there parked trucks to the back right of the ego car?","No.","Yes.","0.0","0.0","0.9945","2560.1","6","CAM_FRONT; CAM_FRONT_LEFT; CAM_FRONT_RIGHT; CAM_BACK; CAM_BACK_LEFT; CAM_BACK_RIGHT","F_other","3.82"
"de7d80a1f5fb4c3e82ce8a4f213b450a","6cb024831cce4b6e8acf85afb7cece6e","perception","yes_no","Are there motorcycles with riders to the back right of the ego car?","No.","No.","1.0","1.0","1.0","2565.8","6","CAM_FRONT; CAM_FRONT_LEFT; CAM_FRONT_RIGHT; CAM_BACK; CAM_BACK_LEFT; CAM_BACK_RIGHT","","3.82"
"de7d80a1f5fb4c3e82ce8a4f213b450a","6cb024831cce4b6e8acf85afb7cece6e","perception","yes_no","Are there moving trucks to the back of the ego car?","No.","Yes.","0.0","0.0","0.9945","2569.8","6","CAM_FRONT; CAM_FRONT_LEFT; CAM_FRONT_RIGHT; CAM_BACK; CAM_BACK_LEFT; CAM_BACK_RIGHT","F_other","3.82"
"de7d80a1f5fb4c3e82ce8a4f213b450a","6cb024831cce4b6e8acf85afb7cece6e","perception","yes_no","Are there stopped buses to the back left of the ego car?","No.","No.","1.0","1.0","1.0","2571.6","6","CAM_FRONT; CAM_FRONT_LEFT; CAM_FRONT_RIGHT; CAM_BACK; CAM_BACK_LEFT; CAM_BACK_RIGHT","","3.82"
"de7d80a1f5fb4c3e82ce8a4f213b450a","6cb024831cce4b6e8acf85afb7cece6e","perception","yes_no","Are there moving pedestrians to the front of the ego car?","Yes.","Yes.","1.0","1.0","1.0","2575.8","6","CAM_FRONT; CAM_FRONT_LEFT; CAM_FRONT_RIGHT; CAM_BACK; CAM_BACK_LEFT; CAM_BACK_RIGHT","","3.82"
"de7d80a1f5fb4c3e82ce8a4f213b450a","6cb024831cce4b6e8acf85afb7cece6e","perception","yes_no","Are there moving pedestrians to the back of the ego car?","Yes.","Yes.","1.0","1.0","1.0","2507.8","6","CAM_FRONT; CAM_FRONT_LEFT; CAM_FRONT_RIGHT; CAM_BACK; CAM_BACK_LEFT; CAM_BACK_RIGHT","","3.82"
"de7d80a1f5fb4c3e82ce8a4f213b450a","6cb024831cce4b6e8acf85afb7cece6e","perception","yes_no","Are there moving pedestrians to the back right of the ego car?","Yes.","Yes.","1.0","1.0","1.0","2523.3","6","CAM_FRONT; CAM_FRONT_LEFT; CAM_FRONT_RIGHT; CAM_BACK; CAM_BACK_LEFT; CAM_BACK_RIGHT","","3.82"
"de7d80a1f5fb4c3e82ce8a4f213b450a","6cb024831cce4b6e8acf85afb7cece6e","perception","yes_no","Are there parked cars to the back right of the ego car?","Yes.","Yes.","1.0","1.0","1.0","2533.4","6","CAM_FRONT; CAM_FRONT_LEFT; CAM_FRONT_RIGHT; CAM_BACK; CAM_BACK_LEFT; CAM_BACK_RIGHT","","3.82"
"de7d80a1f5fb4c3e82ce8a4f213b450a","6cb024831cce4b6e8acf85afb7cece6e","perception","yes_no","Are there bicycles without riders to the back of the ego car?","Yes.","No.","0.0","0.0","0.9945","2556.9","6","CAM_FRONT; CAM_FRONT_LEFT; CAM_FRONT_RIGHT; CAM_BACK; CAM_BACK_LEFT; CAM_BACK_RIGHT","F_other","3.82"
"de7d80a1f5fb4c3e82ce8a4f213b450a","6cb024831cce4b6e8acf85afb7cece6e","perception","yes_no","Are there parked cars to the front right of the ego car?","Yes.","Yes.","1.0","1.0","1.0","2559.0","6","CAM_FRONT; CAM_FRONT_LEFT; CAM_FRONT_RIGHT; CAM_BACK; CAM_BACK_LEFT; CAM_BACK_RIGHT","","3.82"
"de7d80a1f5fb4c3e82ce8a4f213b450a","6cb024831cce4b6e8acf85afb7cece6e","perception","yes_no","Are there moving cars to the front of the ego car?","Yes.","Yes.","1.0","1.0","1.0","2554.7","6","CAM_FRONT; CAM_FRONT_LEFT; CAM_FRONT_RIGHT; CAM_BACK; CAM_BACK_LEFT; CAM_BACK_RIGHT","","3.82"
"de7d80a1f5fb4c3e82ce8a4f213b450a","6cb024831cce4b6e8acf85afb7cece6e","perception","yes_no","Are there parked cars to the back of the ego car?","Yes.","Yes.","1.0","1.0","1.0","2571.7","6","CAM_FRONT; CAM_FRONT_LEFT; CAM_FRONT_RIGHT; CAM_BACK; CAM_BACK_LEFT; CAM_BACK_RIGHT","","3.82"
"de7d80a1f5fb4c3e82ce8a4f213b450a","6cb024831cce4b6e8acf85afb7cece6e","perception","yes_no","Are there moving cars to the back of the ego car?","Yes.","Yes.","1.0","1.0","1.0","2572.6","6","CAM_FRONT; CAM_FRONT_LEFT; CAM_FRONT_RIGHT; CAM_BACK; CAM_BACK_LEFT; CAM_BACK_RIGHT","","3.82"
"de7d80a1f5fb4c3e82ce8a4f213b450a","6cb024831cce4b6e8acf85afb7cece6e","perception","other_question_type","Please describe the current scene.","There is one moving car in front of the ego car, one moving car behind the ego car, many parked cars behind the ego car, one stopped bus behind the ego car, and many moving pedestrians in front of the ego car.","The scene is a busy street at night. There are multiple cars, including a white car, and a truck driving down the road.","0.1538","0.0","0.866","6740.0","6","CAM_FRONT; CAM_FRONT_LEFT; CAM_FRONT_RIGHT; CAM_BACK; CAM_BACK_LEFT; CAM_BACK_RIGHT","B_wrong_status","3.82"
"de7d80a1f5fb4c3e82ce8a4f213b450a","6cb024831cce4b6e8acf85afb7cece6e","perception","what_query","What is the relative positioning of the important objects in the current scene?","the vehicle in front camera is in front of the vehicle in back camera, the object in back camera is behind the vehicle in back camera, and the object in back camera is behind the vehicle in front camera.","There are many pedestrians and two cars behind the ego car.","0.12","0.0","0.8379","1845.5","2","CAM_FRONT; CAM_BACK","D_incomplete","3.82"
"de7d80a1f5fb4c3e82ce8a4f213b450a","6cb024831cce4b6e8acf85afb7cece6e","perception","yes_no","Is there any traffic element in the front view?","Yes, there are traffic elements in the front view.","Yes.","0.2","0.0","0.9103","2507.8","6","CAM_FRONT; CAM_FRONT_LEFT; CAM_FRONT_RIGHT; CAM_BACK; CAM_BACK_LEFT; CAM_BACK_RIGHT","D_incomplete","3.82"
"de7d80a1f5fb4c3e82ce8a4f213b450a","6cb024831cce4b6e8acf85afb7cece6e","perception","planning_other","Identify all the traffic elements in the front view, categorize them, determine their status, and predict the bounding box around each one. The output should be a list formatted as (c, s, x1, y1, x2, y2), where c represents the category, s denotes the status, and x1, y1, x2, y2 are the offsets of the top-left and bottom-right corners of the box relative to the center point.","There are three traffic elements in the front view. The information of these traffic elements is [(road sign, go straight, 999.78, 564.25, 1049.04, 593.26), (road sign, go straight, 801.46, 566.78, 845.45, 592.79), (road sign, turn left, 801.46, 566.78, 845.45, 592.79)].","","0.0","0.0","","11009.2","6","CAM_FRONT; CAM_FRONT_LEFT; CAM_FRONT_RIGHT; CAM_BACK; CAM_BACK_LEFT; CAM_BACK_RIGHT","D_incomplete","3.82"
"de7d80a1f5fb4c3e82ce8a4f213b450a","6cb024831cce4b6e8acf85afb7cece6e","perception","what_query","What are the important objects in the current scene? Those objects will be considered for the future reasoning and driving decision.","There is a white van to the back of the ego vehicle, a white sedan car to the front of the ego vehicle, and a unable to determine to the back of the ego vehicle. The IDs of these objects are the vehicle in back camera, the vehicle in front camera, and the object in back camera.","There are many pedestrians and two cars behind the ego car.","0.1176","0.0","0.8537","1959.9","2","CAM_BACK; CAM_FRONT","D_incomplete","3.82"
"de7d80a1f5fb4c3e82ce8a4f213b450a","6cb024831cce4b6e8acf85afb7cece6e","perception","what_query","What is the observed status of the vehicle in back camera?","Moving.","Moving.","1.0","1.0","1.0","817.3","1","CAM_BACK","","3.82"
"de7d80a1f5fb4c3e82ce8a4f213b450a","6cb024831cce4b6e8acf85afb7cece6e","perception","what_query","What is the moving status of the vehicle in back camera?","Turn left.","Moving.","0.0","0.0","0.9202","797.9","1","CAM_BACK","F_other","3.82"
"de7d80a1f5fb4c3e82ce8a4f213b450a","6cb024831cce4b6e8acf85afb7cece6e","perception","what_query","What is the observed status of the vehicle in front camera?","Moving.","Moving.","1.0","1.0","1.0","814.1","1","CAM_FRONT","","3.82"
"de7d80a1f5fb4c3e82ce8a4f213b450a","6cb024831cce4b6e8acf85afb7cece6e","perception","what_query","What is the moving status of the vehicle in front camera?","Going ahead.","Moving.","0.0","0.0","0.9201","835.9","1","CAM_FRONT","F_other","3.82"
"de7d80a1f5fb4c3e82ce8a4f213b450a","6cb024831cce4b6e8acf85afb7cece6e","perception","what_query","What is the observed status of the object in back camera?","Moving.","Moving.","1.0","1.0","1.0","787.4","1","CAM_BACK","","3.82"
"de7d80a1f5fb4c3e82ce8a4f213b450a","6cb024831cce4b6e8acf85afb7cece6e","perception","what_query","What is the moving status of the object in back camera?","Going ahead.","Moving.","0.0","0.0","0.9201","777.8","1","CAM_BACK","F_other","3.82"
"de7d80a1f5fb4c3e82ce8a4f213b450a","6cb024831cce4b6e8acf85afb7cece6e","perception","visual_description","What is the visual description of the vehicle in back camera?","White van.","Moving.","0.0","0.0","0.9252","787.8","1","CAM_BACK","F_other","3.82"
"de7d80a1f5fb4c3e82ce8a4f213b450a","6cb024831cce4b6e8acf85afb7cece6e","perception","visual_description","What is the visual description of the vehicle in front camera?","White sedan car.","There is a car in front of the camera.","0.1667","0.0","0.8907","1109.0","1","CAM_FRONT","F_other","3.82"
"de7d80a1f5fb4c3e82ce8a4f213b450a","6cb024831cce4b6e8acf85afb7cece6e","perception","visual_description","What is the visual description of the object in back camera?","Unable to determine.","There are many pedestrians and two cars behind the ego car.","0.0","0.0","0.8583","1434.1","1","CAM_BACK","F_other","3.82"
"de7d80a1f5fb4c3e82ce8a4f213b450a","6cb024831cce4b6e8acf85afb7cece6e","prediction","yes_no","Is the object in back camera a traffic sign or a road barrier?","No.","There are two traffic lights in the back camera.","0.0","0.0","0.8924","1106.8","1","CAM_BACK","F_other","3.82"
"de7d80a1f5fb4c3e82ce8a4f213b450a","6cb024831cce4b6e8acf85afb7cece6e","prediction","which_query","Which object is most likely to be occluded by the vehicle in back camera? Would this object affect the ego vehicle? Based on this object, what action of the ego vehicle is dangerous?","None, no, none.","There are two cars in front of the ego vehicle. The car in front of the ego vehicle is most likely to be occluded by the vehicle in back camera. This car is parked and does not affect the ego vehicle. The ego vehicle is moving.","0.0","0.0","0.8166","3495.4","1","CAM_BACK","A_hallucination","3.82"
"de7d80a1f5fb4c3e82ce8a4f213b450a","6cb024831cce4b6e8acf85afb7cece6e","prediction","other_question_type","Would the vehicle in back camera be in the moving direction of the ego vehicle?","No.","No.","1.0","1.0","1.0","722.5","1","CAM_BACK","","3.82"
"de7d80a1f5fb4c3e82ce8a4f213b450a","6cb024831cce4b6e8acf85afb7cece6e","prediction","what_query","What is the future state of the vehicle in back camera?","Keep going straight.","Moving.","0.0","0.0","0.9134","744.3","1","CAM_BACK","D_incomplete","3.82"
"de7d80a1f5fb4c3e82ce8a4f213b450a","6cb024831cce4b6e8acf85afb7cece6e","prediction","yes_no","Is the object in front camera a traffic sign or a road barrier?","No.","There are 2 objects to the front camera.","0.0","0.0","0.8855","1070.6","1","CAM_FRONT","F_other","3.82"
"de7d80a1f5fb4c3e82ce8a4f213b450a","6cb024831cce4b6e8acf85afb7cece6e","prediction","which_query","Which object is most likely to be occluded by the vehicle in front camera? Would this object affect the ego vehicle? Based on this object, what action of the ego vehicle is dangerous?","None, no, none.","There is a person walking on the sidewalk in front of the vehicle. The person is most likely to be occluded by the vehicle.","0.0","0.0","0.8229","4266.7","1","CAM_FRONT","A_hallucination","3.82"
"de7d80a1f5fb4c3e82ce8a4f213b450a","6cb024831cce4b6e8acf85afb7cece6e","prediction","other_question_type","Would the vehicle in front camera be in the moving direction of the ego vehicle?","Yes.","No.","0.0","0.0","0.9945","695.2","1","CAM_FRONT","F_other","3.82"
"de7d80a1f5fb4c3e82ce8a4f213b450a","6cb024831cce4b6e8acf85afb7cece6e","prediction","what_query","What is the future state of the vehicle in front camera?","Keep going straight.","Moving.","0.0","0.0","0.9134","749.0","1","CAM_FRONT","D_incomplete","3.82"
"de7d80a1f5fb4c3e82ce8a4f213b450a","6cb024831cce4b6e8acf85afb7cece6e","prediction","yes_no","Is the object in back camera a traffic sign or a road barrier?","No.","There are two traffic lights in the back camera.","0.0","0.0","0.8924","1079.6","1","CAM_BACK","F_other","3.82"
"de7d80a1f5fb4c3e82ce8a4f213b450a","6cb024831cce4b6e8acf85afb7cece6e","prediction","which_query","Which object is most likely to be occluded by the object in back camera? Would this object affect the ego vehicle? Based on this object, what action of the ego vehicle is dangerous?","None, no, none.","There are two cars in front of the ego vehicle. The car in front of the ego vehicle is most likely to be occluded by the car in back camera. This would affect the ego vehicle's decision-making process. The ego vehicle is moving.","0.0","0.0","0.8201","3465.0","1","CAM_BACK","A_hallucination","3.82"
"de7d80a1f5fb4c3e82ce8a4f213b450a","6cb024831cce4b6e8acf85afb7cece6e","prediction","other_question_type","Would the object in back camera be in the moving direction of the ego vehicle?","No.","No.","1.0","1.0","1.0","697.4","1","CAM_BACK","","3.82"
"de7d80a1f5fb4c3e82ce8a4f213b450a","6cb024831cce4b6e8acf85afb7cece6e","prediction","what_query","What is the future state of the object in back camera?","Keep going straight.","Moving.","0.0","0.0","0.9134","749.2","1","CAM_BACK","D_incomplete","3.82"
"de7d80a1f5fb4c3e82ce8a4f213b450a","6cb024831cce4b6e8acf85afb7cece6e","prediction","what_query","What object should the ego vehicle notice first when the ego vehicle is getting to the next possible location? What is the state of the object that is first noticed by the ego vehicle and what action should the ego vehicle take? What object should the ego vehicle notice second when the ego vehicle is getting to the next possible location? What is the state of the object perceived by the ego vehicle as second and what action should the ego vehicle take? What object should the ego vehicle notice third? What is the state of the object perceived by the ego vehicle as third and what action should the ego vehicle take?","Firstly, notice that the vehicle in front camera. The object is going ahead, so the ego vehicle should keep going ahead at the same speed. Secondly, notice that the vehicle in back camera. The object is turning left, so the ego vehicle should keep going ahead at the same speed. Thirdly, notice that the object in back camera. The object is going ahead, so the ego vehicle should keep going ahead at the same speed.","There are 3 cars to the back camera. The ego vehicle should notice the car in front first when getting to the next possible location.","0.22","0.0","0.8472","5597.9","2","CAM_FRONT; CAM_BACK","C_wrong_camera","3.82"
"de7d80a1f5fb4c3e82ce8a4f213b450a","6cb024831cce4b6e8acf85afb7cece6e","prediction","yes_no","Are the object in back camera and the object in back camera traffic signs?","Neither is a traffic sign.","No.","0.0","0.0","0.8958","713.4","1","CAM_BACK","D_incomplete","3.82"
"de7d80a1f5fb4c3e82ce8a4f213b450a","6cb024831cce4b6e8acf85afb7cece6e","prediction","future_state","Will the vehicle in back camera be in the moving direction of the object in back camera?","No.","No.","1.0","1.0","1.0","700.2","1","CAM_BACK","","3.82"
"de7d80a1f5fb4c3e82ce8a4f213b450a","6cb024831cce4b6e8acf85afb7cece6e","prediction","future_state","Will the vehicle in back camera change its motion state based on the object in back camera?","No.","No.","1.0","1.0","1.0","706.0","1","CAM_BACK","","3.82"
"de7d80a1f5fb4c3e82ce8a4f213b450a","6cb024831cce4b6e8acf85afb7cece6e","prediction","other_question_type","Based on the observations of the object in back camera, what are possible actions to be taken by the vehicle in back camera? What is the reason?","The action is to keep going at the same speed; the reason is that there is no safety issue.","There are two cars in front of the vehicle in back camera. The vehicle in back camera should consider the traffic element in front camera to make a decision. The ego vehicle should be prepared to stop or slow down if necessary.","0.0984","0.0","0.8472","2887.3","1","CAM_BACK","F_other","3.82"
"de7d80a1f5fb4c3e82ce8a4f213b450a","6cb024831cce4b6e8acf85afb7cece6e","prediction","what_query","What object would consider the vehicle in back camera to be most relevant to its decision?","the object in back camera.","There are two cars to the right.","0.1667","0.0","0.8784","1010.3","1","CAM_BACK","C_wrong_camera","3.82"
"de7d80a1f5fb4c3e82ce8a4f213b450a","6cb024831cce4b6e8acf85afb7cece6e","prediction","what_query","What object would consider the object in back camera to be most relevant to its decision?","None.","There are two cars to the back camera.","0.0","0.0","0.8897","1046.6","1","CAM_BACK","F_other","3.82"
"de7d80a1f5fb4c3e82ce8a4f213b450a","6cb024831cce4b6e8acf85afb7cece6e","prediction","yes_no","Are the object in back camera and the object in front camera traffic signs?","Neither is a traffic sign.","No.","0.0","0.0","0.8958","1049.6","2","CAM_BACK; CAM_FRONT","D_incomplete","3.82"
"de7d80a1f5fb4c3e82ce8a4f213b450a","6cb024831cce4b6e8acf85afb7cece6e","prediction","future_state","Will the object in back camera be in the moving direction of the vehicle in front camera?","No.","No.","1.0","1.0","1.0","1050.2","2","CAM_BACK; CAM_FRONT","","3.82"
"de7d80a1f5fb4c3e82ce8a4f213b450a","6cb024831cce4b6e8acf85afb7cece6e","prediction","future_state","Will the object in back camera change its motion state based on the vehicle in front camera?","No.","No.","1.0","1.0","1.0","1046.9","2","CAM_BACK; CAM_FRONT","","3.82"
"de7d80a1f5fb4c3e82ce8a4f213b450a","6cb024831cce4b6e8acf85afb7cece6e","prediction","other_question_type","Based on the observations of the vehicle in front camera, what are possible actions to be taken by the object in back camera? What is the reason?","The action is to keep going at the same speed, the reason is there is no safety issue.","The ego vehicle is moving.","0.1739","0.0","0.8682","1281.8","2","CAM_FRONT; CAM_BACK","D_incomplete","3.82"
"de7d80a1f5fb4c3e82ce8a4f213b450a","6cb024831cce4b6e8acf85afb7cece6e","prediction","what_query","What object would consider the object in back camera to be most relevant to its decision?","None.","There are two cars to the back camera.","0.0","0.0","0.8897","1034.9","1","CAM_BACK","F_other","3.82"
"de7d80a1f5fb4c3e82ce8a4f213b450a","6cb024831cce4b6e8acf85afb7cece6e","prediction","what_query","What object would consider the vehicle in front camera to be most relevant to its decision?","The ego vehicle.","The ego vehicle.","1.0","1.0","1.0","832.1","1","CAM_FRONT","","3.82"
"de7d80a1f5fb4c3e82ce8a4f213b450a","6cb024831cce4b6e8acf85afb7cece6e","prediction","other_question_type","Except for the ego vehicle, what object would consider the vehicle in front camera to be most relevant to its decision?","None.","None.","1.0","1.0","1.0","690.4","1","CAM_FRONT","","3.82"
"de7d80a1f5fb4c3e82ce8a4f213b450a","6cb024831cce4b6e8acf85afb7cece6e","planning","yes_no","Is the vehicle in back camera an object that the ego vehicle should consider in the current scene?","Yes.","Yes.","1.0","1.0","1.0","2771.2","6","CAM_FRONT; CAM_FRONT_LEFT; CAM_FRONT_RIGHT; CAM_BACK; CAM_BACK_LEFT; CAM_BACK_RIGHT","","3.82"
"de7d80a1f5fb4c3e82ce8a4f213b450a","6cb024831cce4b6e8acf85afb7cece6e","planning","what_query","What actions could the ego vehicle take based on the vehicle in back camera? Why take this action and what's the probability?","The action is to keep going at the same speed. The reason is that there is no safety issue, and the probability is high.","High.","0.08","0.0","0.8714","4741.3","6","CAM_FRONT; CAM_FRONT_LEFT; CAM_FRONT_RIGHT; CAM_BACK; CAM_BACK_LEFT; CAM_BACK_RIGHT","D_incomplete","3.82"
"de7d80a1f5fb4c3e82ce8a4f213b450a","6cb024831cce4b6e8acf85afb7cece6e","planning","what_query","What is the probability of colliding with the vehicle in back camera after the ego vehicle goes straight and keeps the same speed?","Low.","Low.","1.0","1.0","1.0","2803.6","6","CAM_FRONT; CAM_FRONT_LEFT; CAM_FRONT_RIGHT; CAM_BACK; CAM_BACK_LEFT; CAM_BACK_RIGHT","","3.82"
"de7d80a1f5fb4c3e82ce8a4f213b450a","6cb024831cce4b6e8acf85afb7cece6e","planning","what_query","What actions taken by the ego vehicle can lead to a collision with the vehicle in back camera?","Brake suddenly.","The ego vehicle is accelerating and going straight.","0.0","0.0","0.8503","3630.0","6","CAM_FRONT; CAM_FRONT_LEFT; CAM_FRONT_RIGHT; CAM_BACK; CAM_BACK_LEFT; CAM_BACK_RIGHT","E_planning_error","3.82"
"de7d80a1f5fb4c3e82ce8a4f213b450a","6cb024831cce4b6e8acf85afb7cece6e","planning","yes_no","Is the vehicle in front camera an object that the ego vehicle should consider in the current scene?","Yes.","Yes.","1.0","1.0","1.0","2831.1","6","CAM_FRONT; CAM_FRONT_LEFT; CAM_FRONT_RIGHT; CAM_BACK; CAM_BACK_LEFT; CAM_BACK_RIGHT","","3.82"
"de7d80a1f5fb4c3e82ce8a4f213b450a","6cb024831cce4b6e8acf85afb7cece6e","planning","what_query","What actions could the ego vehicle take based on the vehicle in front camera? Why take this action and what's the probability?","The action is to keep going at the same speed. The reason is that there is no safety issue, and the probability is high.","Low.","0.0","0.0","0.8745","4595.8","6","CAM_FRONT; CAM_FRONT_LEFT; CAM_FRONT_RIGHT; CAM_BACK; CAM_BACK_LEFT; CAM_BACK_RIGHT","D_incomplete","3.82"
"de7d80a1f5fb4c3e82ce8a4f213b450a","6cb024831cce4b6e8acf85afb7cece6e","planning","what_query","What is the probability of colliding with the vehicle in front camera after the ego vehicle goes straight and keeps the same speed?","Low.","Low.","1.0","1.0","1.0","2819.5","6","CAM_FRONT; CAM_FRONT_LEFT; CAM_FRONT_RIGHT; CAM_BACK; CAM_BACK_LEFT; CAM_BACK_RIGHT","","3.82"
"de7d80a1f5fb4c3e82ce8a4f213b450a","6cb024831cce4b6e8acf85afb7cece6e","planning","what_query","What actions taken by the ego vehicle can lead to a collision with the vehicle in front camera?","Accelerate and go straight actions taken by the ego vehicle can lead to a collision with the vehicle in front camera.","Accelerate and go straight actions taken by the ego vehicle can lead to a collision with the vehicle in front camera.","1.0","1.0","1.0","4238.3","6","CAM_FRONT; CAM_FRONT_LEFT; CAM_FRONT_RIGHT; CAM_BACK; CAM_BACK_LEFT; CAM_BACK_RIGHT","","3.82"
"de7d80a1f5fb4c3e82ce8a4f213b450a","6cb024831cce4b6e8acf85afb7cece6e","planning","yes_no","Is the object in back camera an object that the ego vehicle should consider in the current scene?","No.","Yes.","0.0","0.0","0.9945","2778.0","6","CAM_FRONT; CAM_FRONT_LEFT; CAM_FRONT_RIGHT; CAM_BACK; CAM_BACK_LEFT; CAM_BACK_RIGHT","E_planning_error","3.82"
"de7d80a1f5fb4c3e82ce8a4f213b450a","6cb024831cce4b6e8acf85afb7cece6e","planning","what_query","What actions could the ego vehicle take based on the object in back camera? Why take this action and what's the probability?","The action is to keep going at the same speed. The reason is that there is no safety issue. The probability is high.","Low.","0.0","0.0","0.879","4951.6","6","CAM_FRONT; CAM_FRONT_LEFT; CAM_FRONT_RIGHT; CAM_BACK; CAM_BACK_LEFT; CAM_BACK_RIGHT","D_incomplete","3.82"
"de7d80a1f5fb4c3e82ce8a4f213b450a","6cb024831cce4b6e8acf85afb7cece6e","planning","what_query","What is the probability of colliding with the object in back camera after the ego vehicle goes straight and keeps the same speed?","Low.","Low.","1.0","1.0","1.0","2800.9","6","CAM_FRONT; CAM_FRONT_LEFT; CAM_FRONT_RIGHT; CAM_BACK; CAM_BACK_LEFT; CAM_BACK_RIGHT","","3.82"
"de7d80a1f5fb4c3e82ce8a4f213b450a","6cb024831cce4b6e8acf85afb7cece6e","planning","what_query","What actions taken by the ego vehicle can lead to a collision with the object in back camera?","No such action will lead to a collision.","The ego vehicle is accelerating and going straight.","0.0","0.0","0.8709","3755.1","6","CAM_FRONT; CAM_FRONT_LEFT; CAM_FRONT_RIGHT; CAM_BACK; CAM_BACK_LEFT; CAM_BACK_RIGHT","E_planning_error","3.82"
"de7d80a1f5fb4c3e82ce8a4f213b450a","6cb024831cce4b6e8acf85afb7cece6e","planning","what_query","What is the traffic signal that the ego vehicle should pay attention to?","None.","The traffic signal that the ego vehicle should pay attention to is the one in front of the vehicle.","0.0","0.0","0.8745","3836.7","6","CAM_FRONT; CAM_FRONT_LEFT; CAM_FRONT_RIGHT; CAM_BACK; CAM_BACK_LEFT; CAM_BACK_RIGHT","A_hallucination","3.82"
"de7d80a1f5fb4c3e82ce8a4f213b450a","6cb024831cce4b6e8acf85afb7cece6e","planning","what_query","What is the target action of the ego vehicle?","Go straight.","The target action of the ego vehicle is to keep going at the same speed.","0.1176","0.0","0.8667","3609.8","6","CAM_FRONT; CAM_FRONT_LEFT; CAM_FRONT_RIGHT; CAM_BACK; CAM_BACK_LEFT; CAM_BACK_RIGHT","E_planning_error","3.82"
"de7d80a1f5fb4c3e82ce8a4f213b450a","6cb024831cce4b6e8acf85afb7cece6e","planning","other_question_type","In this scenario, what are safe actions to take for the ego vehicle?","Decelerate gradually without braking; keep going at the same speed.","In this scenario, the ego vehicle should maintain a safe distance from the vehicle in front camera. This can be achieved by accelerating and going straight.","0.0556","0.0","0.8678","5671.8","6","CAM_FRONT; CAM_FRONT_LEFT; CAM_FRONT_RIGHT; CAM_BACK; CAM_BACK_LEFT; CAM_BACK_RIGHT","A_hallucination","3.82"
"de7d80a1f5fb4c3e82ce8a4f213b450a","6cb024831cce4b6e8acf85afb7cece6e","planning","other_question_type","In this scenario, what are dangerous actions to take for the ego vehicle?","Accelerate and go ahead, brake suddenly, and back up.","In this scenario, the ego vehicle should avoid accelerating and going straight, as these actions can lead to a collision with the vehicle in front camera. Instead, the vehicle should maintain a safe distance and keep going at the same speed to ensure a safe journey.","0.1455","0.0","0.8469","5275.9","6","CAM_FRONT; CAM_FRONT_LEFT; CAM_FRONT_RIGHT; CAM_BACK; CAM_BACK_LEFT; CAM_BACK_RIGHT","A_hallucination","3.82"
"de7d80a1f5fb4c3e82ce8a4f213b450a","6cb024831cce4b6e8acf85afb7cece6e","planning","what_query","What is the priority of the objects that the ego vehicle should consider?(in descending order)","the vehicle in front camera, the vehicle in back camera, the object in back camera.","There are 5 vehicles to the left.","0.1818","0.0","0.8666","3525.6","6","CAM_FRONT; CAM_FRONT_LEFT; CAM_FRONT_RIGHT; CAM_BACK; CAM_BACK_LEFT; CAM_BACK_RIGHT","C_wrong_camera","3.82"
"de7d80a1f5fb4c3e82ce8a4f213b450a","6cb024831cce4b6e8acf85afb7cece6e","planning","what_query","What's your comment on this scene?","The lighting in this scene will affect the driver's visibility.","The scene shows a white car driving down a street at night. The car is in motion, and there are multiple traffic lights visible in the image.","0.2105","0.0","0.8698","5819.9","6","CAM_FRONT; CAM_FRONT_LEFT; CAM_FRONT_RIGHT; CAM_BACK; CAM_BACK_LEFT; CAM_BACK_RIGHT","E_planning_error","3.82"
"de7d80a1f5fb4c3e82ce8a4f213b450a","6cb024831cce4b6e8acf85afb7cece6e","behavior","ego_behavior_prediction","Predict the behavior of the ego vehicle.","The ego vehicle is going straight. The ego vehicle is driving fast.","The ego vehicle is going straight. The ego vehicle is driving fast.","1.0","1.0","1.0","3402.2","6","CAM_FRONT; CAM_FRONT_LEFT; CAM_FRONT_RIGHT; CAM_BACK; CAM_BACK_LEFT; CAM_BACK_RIGHT","","3.82"
"de7d80a1f5fb4c3e82ce8a4f213b450a","3b594831ff7f4e27a9889c7b7d0d8e92","perception","object_enumeration","What are objects to the front right of the ego car?","There are many pedestrians, many cars, and one bus to the front right of the ego car.","There are two cars and a person to the front right of the ego car.","0.75","0.0","0.9423","3463.1","6","CAM_FRONT; CAM_FRONT_LEFT; CAM_FRONT_RIGHT; CAM_BACK; CAM_BACK_LEFT; CAM_BACK_RIGHT","","3.82"
"de7d80a1f5fb4c3e82ce8a4f213b450a","3b594831ff7f4e27a9889c7b7d0d8e92","perception","status_query","What is the status of the pedestrians that are to the front right of the ego car?","Three of the pedestrians are standing, and many are moving.","There are two cars and many pedestrians to the front right of the ego car.","0.24","0.0","0.8806","3631.5","6","CAM_FRONT; CAM_FRONT_LEFT; CAM_FRONT_RIGHT; CAM_BACK; CAM_BACK_LEFT; CAM_BACK_RIGHT","F_other","3.82"
"de7d80a1f5fb4c3e82ce8a4f213b450a","3b594831ff7f4e27a9889c7b7d0d8e92","perception","object_enumeration","What are objects to the front of the ego car?","There are many cars, many pedestrians, and one bicycle in front of the ego car.","There are two cars and many pedestrians in front of the ego car.","0.7857","0.0","0.952","3485.2","6","CAM_FRONT; CAM_FRONT_LEFT; CAM_FRONT_RIGHT; CAM_BACK; CAM_BACK_LEFT; CAM_BACK_RIGHT","","3.82"
"de7d80a1f5fb4c3e82ce8a4f213b450a","3b594831ff7f4e27a9889c7b7d0d8e92","perception","status_query","What is the status of the cars that are to the front of the ego car?","Many cars are parked, and one is moving.","There are two cars in front of the ego car.","0.1111","0.0","0.8934","3245.6","6","CAM_FRONT; CAM_FRONT_LEFT; CAM_FRONT_RIGHT; CAM_BACK; CAM_BACK_LEFT; CAM_BACK_RIGHT","F_other","3.82"
"de7d80a1f5fb4c3e82ce8a4f213b450a","3b594831ff7f4e27a9889c7b7d0d8e92","perception","object_enumeration","What are objects to the front left of the ego car?","There are many cars and one pedestrian to the front left of the ego car.","There are two cars and many pedestrians to the front left of the ego car.","0.8667","0.0","0.9767","3714.1","6","CAM_FRONT; CAM_FRONT_LEFT; CAM_FRONT_RIGHT; CAM_BACK; CAM_BACK_LEFT; CAM_BACK_RIGHT","","3.82"
"de7d80a1f5fb4c3e82ce8a4f213b450a","3b594831ff7f4e27a9889c7b7d0d8e92","perception","status_query","What is the status of the cars that are to the front left of the ego car?","Many cars are parked.","There are two cars behind the ego car.","0.1667","0.0","0.9066","3118.6","6","CAM_FRONT; CAM_FRONT_LEFT; CAM_FRONT_RIGHT; CAM_BACK; CAM_BACK_LEFT; CAM_BACK_RIGHT","F_other","3.82"
"de7d80a1f5fb4c3e82ce8a4f213b450a","3b594831ff7f4e27a9889c7b7d0d8e92","perception","object_enumeration","What are objects to the back right of the ego car?","There are two bicycles and many pedestrians to the back right of the ego car.","There are two cars behind the ego car.","0.5217","0.0","0.9287","3149.1","6","CAM_FRONT; CAM_FRONT_LEFT; CAM_FRONT_RIGHT; CAM_BACK; CAM_BACK_LEFT; CAM_BACK_RIGHT","","3.82"
"de7d80a1f5fb4c3e82ce8a4f213b450a","3b594831ff7f4e27a9889c7b7d0d8e92","perception","status_query","What is the status of the bicycles that are to the back right of the ego car?","Two bicycles are without riders.","There are two bicycles to the back right of the ego car.","0.2353","0.0","0.8837","3610.9","6","CAM_FRONT; CAM_FRONT_LEFT; CAM_FRONT_RIGHT; CAM_BACK; CAM_BACK_LEFT; CAM_BACK_RIGHT","F_other","3.82"
"de7d80a1f5fb4c3e82ce8a4f213b450a","3b594831ff7f4e27a9889c7b7d0d8e92","perception","object_enumeration","What are objects to the back of the ego car?","There is one car and one pedestrian behind the ego car.","There are many pedestrians and two cars behind the ego car.","0.5455","0.0","0.9547","3485.2","6","CAM_FRONT; CAM_FRONT_LEFT; CAM_FRONT_RIGHT; CAM_BACK; CAM_BACK_LEFT; CAM_BACK_RIGHT","","3.82"
"de7d80a1f5fb4c3e82ce8a4f213b450a","3b594831ff7f4e27a9889c7b7d0d8e92","perception","status_query","What is the status of the car that is to the back of the ego car?","One car is moving.","Moving.","0.4","0.0","0.901","2784.2","6","CAM_FRONT; CAM_FRONT_LEFT; CAM_FRONT_RIGHT; CAM_BACK; CAM_BACK_LEFT; CAM_BACK_RIGHT","","3.82"
"de7d80a1f5fb4c3e82ce8a4f213b450a","3b594831ff7f4e27a9889c7b7d0d8e92","perception","status_query","What is the status of the cars that are to the front right of the ego car?","Three of the cars are parked, and one is moving.","There are two cars behind the ego car.","0.2222","0.0","0.8915","3172.8","6","CAM_FRONT; CAM_FRONT_LEFT; CAM_FRONT_RIGHT; CAM_BACK; CAM_BACK_LEFT; CAM_BACK_RIGHT","F_other","3.82"
"de7d80a1f5fb4c3e82ce8a4f213b450a","3b594831ff7f4e27a9889c7b7d0d8e92","perception","status_query","What is the status of the pedestrians that are to the front of the ego car?","Many pedestrians are moving.","There are many pedestrians and two cars in front of the ego car.","0.2353","0.0","0.8923","3672.9","6","CAM_FRONT; CAM_FRONT_LEFT; CAM_FRONT_RIGHT; CAM_BACK; CAM_BACK_LEFT; CAM_BACK_RIGHT","F_other","3.82"
"de7d80a1f5fb4c3e82ce8a4f213b450a","3b594831ff7f4e27a9889c7b7d0d8e92","perception","status_query","What is the status of the bus that is to the front right of the ego car?","One bus is moving.","Moving.","0.4","0.0","0.9015","2690.1","6","CAM_FRONT; CAM_FRONT_LEFT; CAM_FRONT_RIGHT; CAM_BACK; CAM_BACK_LEFT; CAM_BACK_RIGHT","","3.82"
"de7d80a1f5fb4c3e82ce8a4f213b450a","3b594831ff7f4e27a9889c7b7d0d8e92","perception","status_query","What is the status of the pedestrians that are to the back right of the ego car?","Many pedestrians are moving, and one is standing.","There are many pedestrians and two cars behind the ego car.","0.3158","0.0","0.8941","3379.0","6","CAM_FRONT; CAM_FRONT_LEFT; CAM_FRONT_RIGHT; CAM_BACK; CAM_BACK_LEFT; CAM_BACK_RIGHT","","3.82"
"de7d80a1f5fb4c3e82ce8a4f213b450a","3b594831ff7f4e27a9889c7b7d0d8e92","perception","status_query","What is the status of the pedestrian that is to the front left of the ego car?","One pedestrian is moving.","There is a person standing to the front left of the ego car.","0.1176","0.0","0.8855","3340.7","6","CAM_FRONT; CAM_FRONT_LEFT; CAM_FRONT_RIGHT; CAM_BACK; CAM_BACK_LEFT; CAM_BACK_RIGHT","B_wrong_status","3.82"
"de7d80a1f5fb4c3e82ce8a4f213b450a","3b594831ff7f4e27a9889c7b7d0d8e92","perception","status_query","What is the status of the pedestrian that is to the back of the ego car?","The pedestrian at the back of the ego car is moving.","There are many pedestrians and two cars behind the ego car.","0.3636","0.0","0.9196","3392.6","6","CAM_FRONT; CAM_FRONT_LEFT; CAM_FRONT_RIGHT; CAM_BACK; CAM_BACK_LEFT; CAM_BACK_RIGHT","","3.82"
"de7d80a1f5fb4c3e82ce8a4f213b450a","3b594831ff7f4e27a9889c7b7d0d8e92","perception","status_query","What is the status of the bicycle that is to the front of the ego car?","One bicycle is without a rider.","There is a bicycle to the front of the ego car.","0.2353","0.0","0.8689","3355.8","6","CAM_FRONT; CAM_FRONT_LEFT; CAM_FRONT_RIGHT; CAM_BACK; CAM_BACK_LEFT; CAM_BACK_RIGHT","F_other","3.82"
"de7d80a1f5fb4c3e82ce8a4f213b450a","3b594831ff7f4e27a9889c7b7d0d8e92","perception","yes_no","Are there moving buses to the front of the ego car?","No.","No.","1.0","1.0","1.0","2579.0","6","CAM_FRONT; CAM_FRONT_LEFT; CAM_FRONT_RIGHT; CAM_BACK; CAM_BACK_LEFT; CAM_BACK_RIGHT","","3.82"
"de7d80a1f5fb4c3e82ce8a4f213b450a","3b594831ff7f4e27a9889c7b7d0d8e92","perception","yes_no","Are there moving cars to the front of the ego car?","Yes.","Yes.","1.0","1.0","1.0","2594.3","6","CAM_FRONT; CAM_FRONT_LEFT; CAM_FRONT_RIGHT; CAM_BACK; CAM_BACK_LEFT; CAM_BACK_RIGHT","","3.82"
"de7d80a1f5fb4c3e82ce8a4f213b450a","3b594831ff7f4e27a9889c7b7d0d8e92","perception","yes_no","Are there moving pedestrians to the front right of the ego car?","Yes.","Yes.","1.0","1.0","1.0","2584.2","6","CAM_FRONT; CAM_FRONT_LEFT; CAM_FRONT_RIGHT; CAM_BACK; CAM_BACK_LEFT; CAM_BACK_RIGHT","","3.82"
"de7d80a1f5fb4c3e82ce8a4f213b450a","3b594831ff7f4e27a9889c7b7d0d8e92","perception","yes_no","Are there parked cars to the front left of the ego car?","Yes.","Yes.","1.0","1.0","1.0","2564.4","6","CAM_FRONT; CAM_FRONT_LEFT; CAM_FRONT_RIGHT; CAM_BACK; CAM_BACK_LEFT; CAM_BACK_RIGHT","","3.82"
"de7d80a1f5fb4c3e82ce8a4f213b450a","3b594831ff7f4e27a9889c7b7d0d8e92","perception","yes_no","Are there parked cars to the front right of the ego car?","Yes.","Yes.","1.0","1.0","1.0","2519.9","6","CAM_FRONT; CAM_FRONT_LEFT; CAM_FRONT_RIGHT; CAM_BACK; CAM_BACK_LEFT; CAM_BACK_RIGHT","","3.82"
"de7d80a1f5fb4c3e82ce8a4f213b450a","3b594831ff7f4e27a9889c7b7d0d8e92","perception","yes_no","Are there parked cars to the front of the ego car?","Yes.","No.","0.0","0.0","0.9945","2553.0","6","CAM_FRONT; CAM_FRONT_LEFT; CAM_FRONT_RIGHT; CAM_BACK; CAM_BACK_LEFT; CAM_BACK_RIGHT","F_other","3.82"
"de7d80a1f5fb4c3e82ce8a4f213b450a","3b594831ff7f4e27a9889c7b7d0d8e92","perception","yes_no","Are there standing pedestrians to the back right of the ego car?","Yes.","Yes.","1.0","1.0","1.0","2332.5","6","CAM_FRONT; CAM_FRONT_LEFT; CAM_FRONT_RIGHT; CAM_BACK; CAM_BACK_LEFT; CAM_BACK_RIGHT","","3.82"
"de7d80a1f5fb4c3e82ce8a4f213b450a","3b594831ff7f4e27a9889c7b7d0d8e92","perception","yes_no","Are there moving cars to the back of the ego car?","Yes.","Yes.","1.0","1.0","1.0","2559.0","6","CAM_FRONT; CAM_FRONT_LEFT; CAM_FRONT_RIGHT; CAM_BACK; CAM_BACK_LEFT; CAM_BACK_RIGHT","","3.82"
"de7d80a1f5fb4c3e82ce8a4f213b450a","3b594831ff7f4e27a9889c7b7d0d8e92","perception","other_question_type","Please describe the current scene.","There is one moving car in front of the ego car, one moving car to the front right of the ego car, one moving car behind the ego car, one parked car in front of the ego car, one riderless bicycle in front of the ego car, many moving pedestrians in front of the ego car, and one moving pedestrian behind the ego car.","The scene is a city street at night, with a car driving down the road. There are many pedestrians and two cars behind the ego car.","0.2222","0.0","0.8557","6138.9","6","CAM_FRONT; CAM_FRONT_LEFT; CAM_FRONT_RIGHT; CAM_BACK; CAM_BACK_LEFT; CAM_BACK_RIGHT","B_wrong_status","3.82"
"de7d80a1f5fb4c3e82ce8a4f213b450a","3b594831ff7f4e27a9889c7b7d0d8e92","perception","what_query","What is the relative positioning of the important objects in the current scene?","the vehicle in front camera is in front of the vehicle in back camera, the vehicle in front-right camera is in front of the vehicle in back camera, the pedestrian in back camera is on the front left of the vehicle in back camera, the vehicle in front-right camera is on the front right of the vehicle in front camera, the pedestrian in back camera is behind the vehicle in front camera and the pedestrian in back camera is behind the vehicle in front-right camera.","There are many pedestrians and two cars behind the ego car.","0.0808","0.0","0.8238","2022.8","3","CAM_FRONT; CAM_BACK; CAM_FRONT_RIGHT","D_incomplete","3.82"
"de7d80a1f5fb4c3e82ce8a4f213b450a","3b594831ff7f4e27a9889c7b7d0d8e92","perception","yes_no","Is there any traffic element in the front view?","Yes, there are traffic elements in the front view.","No.","0.0","0.0","0.9102","2577.2","6","CAM_FRONT; CAM_FRONT_LEFT; CAM_FRONT_RIGHT; CAM_BACK; CAM_BACK_LEFT; CAM_BACK_RIGHT","D_incomplete","3.82"
"de7d80a1f5fb4c3e82ce8a4f213b450a","3b594831ff7f4e27a9889c7b7d0d8e92","perception","planning_other","Identify all the traffic elements in the front view, categorize them, determine their status, and predict the bounding box around each one. The output should be a list formatted as (c, s, x1, y1, x2, y2), where c represents the category, s denotes the status, and x1, y1, x2, y2 are the offsets of the top-left and bottom-right corners of the box relative to the center point.","There are two traffic elements in the front view. The information of these traffic elements is [(traffic light, red, 62.09, 45.5, 180.22, 115.43), (traffic light, green, 1109.22, 479.61, 1129.27, 528.71)].","","0.0","0.0","","10483.0","6","CAM_FRONT; CAM_FRONT_LEFT; CAM_FRONT_RIGHT; CAM_BACK; CAM_BACK_LEFT; CAM_BACK_RIGHT","D_incomplete","3.82"
"de7d80a1f5fb4c3e82ce8a4f213b450a","3b594831ff7f4e27a9889c7b7d0d8e92","perception","which_query","Which lanes are each important object on in the scene?","the vehicle in back camera is in the ego lane.","There are two lanes in the scene. The ego car is in the left lane, and the pedestrians are in the right lane.","0.303","0.0","0.8787","2267.4","1","CAM_BACK","","3.82"
"de7d80a1f5fb4c3e82ce8a4f213b450a","3b594831ff7f4e27a9889c7b7d0d8e92","perception","what_query","What are the important objects in the current scene? Those objects will be considered for the future reasoning and driving decision.","There is a white van to the back of the ego vehicle, a white SUV to the front of the ego vehicle, a black SUV to the front right of the ego vehicle, pedestrians on the roadside to the back of the ego vehicle, and a green light to the front left of the ego vehicle. The IDs of these objects are the vehicle in back camera, the vehicle in front camera, the vehicle in front-right camera, the pedestrian in back camera, and the traffic element in front-left camera.","There are many pedestrians and two cars behind the ego car.","0.098","0.0","0.8406","2347.5","4","CAM_BACK; CAM_FRONT; CAM_FRONT_RIGHT; CAM_FRONT_LEFT","D_incomplete","3.82"
"de7d80a1f5fb4c3e82ce8a4f213b450a","3b594831ff7f4e27a9889c7b7d0d8e92","perception","what_query","What is the observed status of the vehicle in back camera?","Moving.","Moving.","1.0","1.0","1.0","772.7","1","CAM_BACK","","3.82"
"de7d80a1f5fb4c3e82ce8a4f213b450a","3b594831ff7f4e27a9889c7b7d0d8e92","perception","what_query","What is the moving status of the vehicle in back camera?","Going ahead.","Moving.","0.0","0.0","0.9201","796.0","1","CAM_BACK","F_other","3.82"
"de7d80a1f5fb4c3e82ce8a4f213b450a","3b594831ff7f4e27a9889c7b7d0d8e92","perception","what_query","What is the observed status of the vehicle in front camera?","Moving.","Moving.","1.0","1.0","1.0","825.5","1","CAM_FRONT","","3.82"
"de7d80a1f5fb4c3e82ce8a4f213b450a","3b594831ff7f4e27a9889c7b7d0d8e92","perception","what_query","What is the moving status of the vehicle in front camera?","Turn left.","Moving.","0.0","0.0","0.9202","761.8","1","CAM_FRONT","F_other","3.82"
"de7d80a1f5fb4c3e82ce8a4f213b450a","3b594831ff7f4e27a9889c7b7d0d8e92","perception","what_query","What is the observed status of the vehicle in front-right camera?","Moving.","Moving.","1.0","1.0","1.0","756.9","1","CAM_FRONT_RIGHT","","3.82"
"de7d80a1f5fb4c3e82ce8a4f213b450a","3b594831ff7f4e27a9889c7b7d0d8e92","perception","what_query","What is the moving status of the vehicle in front-right camera?","Turn right.","Moving.","0.0","0.0","0.928","776.2","1","CAM_FRONT_RIGHT","F_other","3.82"
"de7d80a1f5fb4c3e82ce8a4f213b450a","3b594831ff7f4e27a9889c7b7d0d8e92","perception","what_query","What is the observed status of the pedestrian in back camera?","Moving.","Moving.","1.0","1.0","1.0","750.8","1","CAM_BACK","","3.82"
"de7d80a1f5fb4c3e82ce8a4f213b450a","3b594831ff7f4e27a9889c7b7d0d8e92","perception","what_query","What is the moving status of the pedestrian in back camera?","Going ahead.","Moving.","0.0","0.0","0.9201","778.0","1","CAM_BACK","F_other","3.82"
"de7d80a1f5fb4c3e82ce8a4f213b450a","3b594831ff7f4e27a9889c7b7d0d8e92","perception","visual_description","What is the visual description of the vehicle in back camera?","White van.","Moving.","0.0","0.0","0.9252","793.1","1","CAM_BACK","F_other","3.82"
"de7d80a1f5fb4c3e82ce8a4f213b450a","3b594831ff7f4e27a9889c7b7d0d8e92","perception","visual_description","What is the visual description of the vehicle in front camera?","White SUV.","White.","0.6667","0.0","0.9245","720.9","1","CAM_FRONT","","3.82"
"de7d80a1f5fb4c3e82ce8a4f213b450a","3b594831ff7f4e27a9889c7b7d0d8e92","perception","visual_description","What is the visual description of the vehicle in front-right camera?","Black SUV.","The vehicle in front-right camera is a car.","0.0","0.0","0.8861","1178.6","1","CAM_FRONT_RIGHT","F_other","3.82"
"de7d80a1f5fb4c3e82ce8a4f213b450a","3b594831ff7f4e27a9889c7b7d0d8e92","perception","visual_description","What is the visual description of the pedestrian in back camera?","Pedestrians on the roadside.","There is a person walking on the sidewalk.","0.3333","0.0","0.8964","1098.7","1","CAM_BACK","","3.82"
"de7d80a1f5fb4c3e82ce8a4f213b450a","3b594831ff7f4e27a9889c7b7d0d8e92","perception","visual_description","What is the visual description of the traffic element in front-left camera?","Green light.","There is a green trash can in front of the ego car.","0.1429","0.0","0.863","1394.1","1","CAM_FRONT_LEFT","F_other","3.82"
"de7d80a1f5fb4c3e82ce8a4f213b450a","3b594831ff7f4e27a9889c7b7d0d8e92","prediction","yes_no","Is the object in back camera a traffic sign or a road barrier?","No.","There are two objects in the back camera.","0.0","0.0","0.8927","1045.8","1","CAM_BACK","F_other","3.82"
"de7d80a1f5fb4c3e82ce8a4f213b450a","3b594831ff7f4e27a9889c7b7d0d8e92","prediction","which_query","Which object is most likely to be occluded by the vehicle in back camera? Would this object affect the ego vehicle? Based on this object, what action of the ego vehicle is dangerous?","None, no, none.","There is a person walking on the sidewalk. The ego vehicle is moving.","0.0","0.0","0.8392","1470.0","1","CAM_BACK","F_other","3.82"
"de7d80a1f5fb4c3e82ce8a4f213b450a","3b594831ff7f4e27a9889c7b7d0d8e92","prediction","other_question_type","Would the vehicle in back camera be in the moving direction of the ego vehicle?","No.","No.","1.0","1.0","1.0","714.6","1","CAM_BACK","","3.82"
"de7d80a1f5fb4c3e82ce8a4f213b450a","3b594831ff7f4e27a9889c7b7d0d8e92","prediction","what_query","What is the future state of the vehicle in back camera?","Keep going straight.","Moving.","0.0","0.0","0.9134","772.6","1","CAM_BACK","D_incomplete","3.82"
"de7d80a1f5fb4c3e82ce8a4f213b450a","3b594831ff7f4e27a9889c7b7d0d8e92","prediction","yes_no","Is the object in front camera a traffic sign or a road barrier?","No.","No.","1.0","1.0","1.0","707.5","1","CAM_FRONT","","3.82"
"de7d80a1f5fb4c3e82ce8a4f213b450a","3b594831ff7f4e27a9889c7b7d0d8e92","prediction","which_query","Which object is most likely to be occluded by the vehicle in front camera? Would this object affect the ego vehicle? Based on this object, what action of the ego vehicle is dangerous?","None, no, none.","There is a person walking in front of the vehicle. The person is most likely to be occluded by the vehicle.","0.0","0.0","0.8237","4408.2","1","CAM_FRONT","A_hallucination","3.82"
"de7d80a1f5fb4c3e82ce8a4f213b450a","3b594831ff7f4e27a9889c7b7d0d8e92","prediction","other_question_type","Would the vehicle in front camera be in the moving direction of the ego vehicle?","Yes.","Yes.","1.0","1.0","1.0","724.5","1","CAM_FRONT","","3.82"
"de7d80a1f5fb4c3e82ce8a4f213b450a","3b594831ff7f4e27a9889c7b7d0d8e92","prediction","what_query","What is the future state of the vehicle in front camera?","Keep going straight.","Moving.","0.0","0.0","0.9134","749.9","1","CAM_FRONT","D_incomplete","3.82"
"de7d80a1f5fb4c3e82ce8a4f213b450a","3b594831ff7f4e27a9889c7b7d0d8e92","prediction","yes_no","Is the object in front-right camera a traffic sign or a road barrier?","No.","There are two traffic signs to the right.","0.0","0.0","0.8985","1082.7","1","CAM_FRONT_RIGHT","F_other","3.82"
"de7d80a1f5fb4c3e82ce8a4f213b450a","3b594831ff7f4e27a9889c7b7d0d8e92","prediction","which_query","Which object is most likely to be occluded by the vehicle in front-right camera? Would this object affect the ego vehicle? Based on this object, what action of the ego vehicle is dangerous?","None, no, none.","There is a person walking on the sidewalk. The ego vehicle is moving.","0.0","0.0","0.8392","1445.5","1","CAM_FRONT_RIGHT","F_other","3.82"
"de7d80a1f5fb4c3e82ce8a4f213b450a","3b594831ff7f4e27a9889c7b7d0d8e92","prediction","other_question_type","Would the vehicle in front-right camera be in the moving direction of the ego vehicle?","No.","No.","1.0","1.0","1.0","725.4","1","CAM_FRONT_RIGHT","","3.82"
"de7d80a1f5fb4c3e82ce8a4f213b450a","3b594831ff7f4e27a9889c7b7d0d8e92","prediction","what_query","What is the future state of the vehicle in front-right camera?","Turn right.","Moving.","0.0","0.0","0.928","736.4","1","CAM_FRONT_RIGHT","F_other","3.82"
"de7d80a1f5fb4c3e82ce8a4f213b450a","3b594831ff7f4e27a9889c7b7d0d8e92","prediction","yes_no","Is the object in back camera a traffic sign or a road barrier?","No.","There are two objects in the back camera.","0.0","0.0","0.8927","1028.9","1","CAM_BACK","F_other","3.82"
"de7d80a1f5fb4c3e82ce8a4f213b450a","3b594831ff7f4e27a9889c7b7d0d8e92","prediction","which_query","Which object is most likely to be occluded by the pedestrian in back camera? Would this object affect the ego vehicle? Based on this object, what action of the ego vehicle is dangerous?","None, no, none.","There is a person walking on the sidewalk in front of the vehicle. The ego vehicle is moving. The pedestrian in the back camera view is most likely to be occluded by the vehicle. This would affect the ego vehicle's decision-making process. The ego vehicle is moving.","0.0","0.0","0.8186","3701.9","1","CAM_BACK","A_hallucination","3.82"
"de7d80a1f5fb4c3e82ce8a4f213b450a","3b594831ff7f4e27a9889c7b7d0d8e92","prediction","other_question_type","Would the pedestrian in back camera be in the moving direction of the ego vehicle?","No.","No.","1.0","1.0","1.0","708.3","1","CAM_BACK","","3.82"
"de7d80a1f5fb4c3e82ce8a4f213b450a","3b594831ff7f4e27a9889c7b7d0d8e92","prediction","what_query","What is the future state of the pedestrian in back camera?","Keep going straight.","There is a person walking on the sidewalk.","0.0","0.0","0.8804","1088.0","1","CAM_BACK","F_other","3.82"
"de7d80a1f5fb4c3e82ce8a4f213b450a","3b594831ff7f4e27a9889c7b7d0d8e92","prediction","yes_no","Is the object in front-left camera a traffic sign or a road barrier?","Yes.","There are two objects in front-left camera.","0.0","0.0","0.8892","1094.8","1","CAM_FRONT_LEFT","F_other","3.82"
"de7d80a1f5fb4c3e82ce8a4f213b450a","3b594831ff7f4e27a9889c7b7d0d8e92","prediction","other_question_type","Would the traffic element in front-left camera be in the moving direction of the ego vehicle?","Yes.","No.","0.0","0.0","0.9945","706.1","1","CAM_FRONT_LEFT","F_other","3.82"
"de7d80a1f5fb4c3e82ce8a4f213b450a","3b594831ff7f4e27a9889c7b7d0d8e92","prediction","what_query","What does the traffic element in front-left camera mean?","Please proceed.","There are 2 cars to the left.","0.0","0.0","0.8883","1033.5","1","CAM_FRONT_LEFT","F_other","3.82"
"de7d80a1f5fb4c3e82ce8a4f213b450a","3b594831ff7f4e27a9889c7b7d0d8e92","prediction","other_question_type","In this scenario, what object is most likely to consider the traffic element in front-left camera?","The ego vehicle.","None.","0.0","0.0","0.9128","696.0","1","CAM_FRONT_LEFT","D_incomplete","3.82"
"de7d80a1f5fb4c3e82ce8a4f213b450a","3b594831ff7f4e27a9889c7b7d0d8e92","prediction","what_query","What object should the ego vehicle notice first when the ego vehicle is getting to the next possible location? What is the state of the object that is first noticed by the ego vehicle and what action should the ego vehicle take? What object should the ego vehicle notice second when the ego vehicle is getting to the next possible location? What is the state of the object perceived by the ego vehicle as second and what action should the ego vehicle take? What object should the ego vehicle notice third? What is the state of the object perceived by the ego vehicle as third and what action should the ego vehicle take?","Firstly, notice the traffic element in front-left camera. The object is a traffic sign, so the ego vehicle should turn left. Secondly, notice the vehicle in front camera. The object is turning left, so the ego vehicle should turn left. Thirdly, notice the vehicle in back camera. The object is going ahead, so the ego vehicle should turn left.","There are 3 traffic lights to the back camera. The ego vehicle should notice the traffic lights first when the ego vehicle is getting to the next possible location. The traffic lights are stationary. The ego vehicle should stop at the traffic lights.","0.3301","0.0","0.8837","3851.9","3","CAM_FRONT_LEFT; CAM_FRONT; CAM_BACK","","3.82"
"de7d80a1f5fb4c3e82ce8a4f213b450a","3b594831ff7f4e27a9889c7b7d0d8e92","prediction","yes_no","Are the object in front-right camera and the object in back camera traffic signs?","Neither is a traffic sign.","No.","0.0","0.0","0.8958","1044.8","2","CAM_FRONT_RIGHT; CAM_BACK","D_incomplete","3.82"
"de7d80a1f5fb4c3e82ce8a4f213b450a","3b594831ff7f4e27a9889c7b7d0d8e92","prediction","future_state","Will the vehicle in front-right camera be in the moving direction of the pedestrian in back camera?","No.","No.","1.0","1.0","1.0","1050.0","2","CAM_FRONT_RIGHT; CAM_BACK","","3.82"
"de7d80a1f5fb4c3e82ce8a4f213b450a","3b594831ff7f4e27a9889c7b7d0d8e92","prediction","future_state","Will the vehicle in front-right camera change its motion state based on the pedestrian in back camera?","No.","No.","1.0","1.0","1.0","1064.9","2","CAM_FRONT_RIGHT; CAM_BACK","","3.82"
"de7d80a1f5fb4c3e82ce8a4f213b450a","3b594831ff7f4e27a9889c7b7d0d8e92","prediction","other_question_type","Based on the observations of the pedestrian in back camera, what are possible actions to be taken by the vehicle in front-right camera? What is the reason?","The action is to turn right; the reason is that there is no safety issue.","The pedestrian is walking on the sidewalk, and the vehicle in front-right camera is stationary. The vehicle should proceed with caution, ensuring the pedestrian's safety before continuing its journey.","0.2174","0.0","0.8491","3238.2","2","CAM_BACK; CAM_FRONT_RIGHT","C_wrong_camera","3.82"
"de7d80a1f5fb4c3e82ce8a4f213b450a","3b594831ff7f4e27a9889c7b7d0d8e92","prediction","what_query","What object would consider the vehicle in front-right camera to be most relevant to its decision?","The ego vehicle.","The ego vehicle.","1.0","1.0","1.0","861.2","1","CAM_FRONT_RIGHT","","3.82"
"de7d80a1f5fb4c3e82ce8a4f213b450a","3b594831ff7f4e27a9889c7b7d0d8e92","prediction","other_question_type","Except for the ego vehicle, what object would consider the vehicle in front-right camera to be most relevant to its decision?","the vehicle in back camera.","None.","0.0","0.0","0.8901","1006.6","2","CAM_FRONT_RIGHT; CAM_BACK","D_incomplete","3.82"
"de7d80a1f5fb4c3e82ce8a4f213b450a","3b594831ff7f4e27a9889c7b7d0d8e92","prediction","what_query","What object would consider the pedestrian in back camera to be most relevant to its decision?","The ego vehicle.","There is a person in the back camera.","0.1818","0.0","0.8655","1060.2","1","CAM_BACK","F_other","3.82"
"de7d80a1f5fb4c3e82ce8a4f213b450a","3b594831ff7f4e27a9889c7b7d0d8e92","prediction","other_question_type","Except for the ego vehicle, what object would consider the pedestrian in back camera to be most relevant to its decision?","the vehicle in back camera.","There are 1 pedestrian to the right.","0.1667","0.0","0.8633","1144.7","1","CAM_BACK","C_wrong_camera","3.82"
"de7d80a1f5fb4c3e82ce8a4f213b450a","3b594831ff7f4e27a9889c7b7d0d8e92","prediction","yes_no","Are the object in back camera and the object in front-right camera traffic signs?","Neither is a traffic sign.","No.","0.0","0.0","0.8958","1056.0","2","CAM_BACK; CAM_FRONT_RIGHT","D_incomplete","3.82"
"de7d80a1f5fb4c3e82ce8a4f213b450a","3b594831ff7f4e27a9889c7b7d0d8e92","prediction","future_state","Will the pedestrian in back camera be in the moving direction of the vehicle in front-right camera?","No.","No.","1.0","1.0","1.0","1017.9","2","CAM_BACK; CAM_FRONT_RIGHT","","3.82"
"de7d80a1f5fb4c3e82ce8a4f213b450a","3b594831ff7f4e27a9889c7b7d0d8e92","prediction","future_state","Will the pedestrian in back camera change its motion state based on the vehicle in front-right camera?","No.","No.","1.0","1.0","1.0","1019.8","2","CAM_BACK; CAM_FRONT_RIGHT","","3.82"
"de7d80a1f5fb4c3e82ce8a4f213b450a","3b594831ff7f4e27a9889c7b7d0d8e92","prediction","other_question_type","Based on the observations of the vehicle in front-right camera, what are possible actions to be taken by the pedestrian in back camera? What is the reason?","The action is to keep going at the same speed; the reason is that there is no safety issue.","The pedestrian should wait for the vehicle to pass or stop before crossing the street. The reason is that the vehicle is moving in the front-right camera view, and it is not safe for the pedestrian to cross the street while the vehicle is in motion.","0.2424","0.0","0.8708","3589.7","2","CAM_FRONT_RIGHT; CAM_BACK","F_other","3.82"
"de7d80a1f5fb4c3e82ce8a4f213b450a","3b594831ff7f4e27a9889c7b7d0d8e92","prediction","what_query","What object would consider the pedestrian in back camera to be most relevant to its decision?","The ego vehicle.","There is a person in the back camera.","0.1818","0.0","0.8655","1044.4","1","CAM_BACK","F_other","3.82"
"de7d80a1f5fb4c3e82ce8a4f213b450a","3b594831ff7f4e27a9889c7b7d0d8e92","prediction","other_question_type","Except for the ego vehicle, what object would consider the pedestrian in back camera to be most relevant to its decision?","the vehicle in back camera.","There are 1 pedestrian to the right.","0.1667","0.0","0.8633","1130.0","1","CAM_BACK","C_wrong_camera","3.82"
"de7d80a1f5fb4c3e82ce8a4f213b450a","3b594831ff7f4e27a9889c7b7d0d8e92","prediction","what_query","What object would consider the vehicle in front-right camera to be most relevant to its decision?","The ego vehicle.","The ego vehicle.","1.0","1.0","1.0","850.1","1","CAM_FRONT_RIGHT","","3.82"
"de7d80a1f5fb4c3e82ce8a4f213b450a","3b594831ff7f4e27a9889c7b7d0d8e92","prediction","other_question_type","Except for the ego vehicle, what object would consider the vehicle in front-right camera to be most relevant to its decision?","None.","None.","1.0","1.0","1.0","713.5","1","CAM_FRONT_RIGHT","","3.82"
"de7d80a1f5fb4c3e82ce8a4f213b450a","3b594831ff7f4e27a9889c7b7d0d8e92","prediction","what_query","What kind of traffic sign is the object in front-left camera?","Traffic light.","There is a traffic sign in front-left camera.","0.1818","0.0","0.8742","1133.6","1","CAM_FRONT_LEFT","F_other","3.82"
"de7d80a1f5fb4c3e82ce8a4f213b450a","3b594831ff7f4e27a9889c7b7d0d8e92","planning","yes_no","Is the vehicle in back camera an object that the ego vehicle should consider in the current scene?","No.","Yes.","0.0","0.0","0.9945","2804.0","6","CAM_FRONT; CAM_FRONT_LEFT; CAM_FRONT_RIGHT; CAM_BACK; CAM_BACK_LEFT; CAM_BACK_RIGHT","E_planning_error","3.82"
"de7d80a1f5fb4c3e82ce8a4f213b450a","3b594831ff7f4e27a9889c7b7d0d8e92","planning","what_query","What actions could the ego vehicle take based on the vehicle in back camera? Why take this action and what's the probability?","The action is to turn left. The reason is that there is no safety issue. The probability is high.","High.","0.1","0.0","0.879","4972.2","6","CAM_FRONT; CAM_FRONT_LEFT; CAM_FRONT_RIGHT; CAM_BACK; CAM_BACK_LEFT; CAM_BACK_RIGHT","D_incomplete","3.82"
"de7d80a1f5fb4c3e82ce8a4f213b450a","3b594831ff7f4e27a9889c7b7d0d8e92","planning","what_query","What is the probability of colliding with the vehicle in back camera after the ego vehicle decelerates and turns left?","Low.","Low.","1.0","1.0","1.0","2851.4","6","CAM_FRONT; CAM_FRONT_LEFT; CAM_FRONT_RIGHT; CAM_BACK; CAM_BACK_LEFT; CAM_BACK_RIGHT","","3.82"
"de7d80a1f5fb4c3e82ce8a4f213b450a","3b594831ff7f4e27a9889c7b7d0d8e92","planning","what_query","What actions taken by the ego vehicle can lead to a collision with the vehicle in back camera?","Back up.","Accelerate and go straight actions taken by the ego vehicle can lead to a collision with the vehicle in back camera.","0.087","0.0","0.8538","4317.5","6","CAM_FRONT; CAM_FRONT_LEFT; CAM_FRONT_RIGHT; CAM_BACK; CAM_BACK_LEFT; CAM_BACK_RIGHT","A_hallucination","3.82"
"de7d80a1f5fb4c3e82ce8a4f213b450a","3b594831ff7f4e27a9889c7b7d0d8e92","planning","yes_no","Is the vehicle in front camera an object that the ego vehicle should consider in the current scene?","Yes.","Yes.","1.0","1.0","1.0","2824.9","6","CAM_FRONT; CAM_FRONT_LEFT; CAM_FRONT_RIGHT; CAM_BACK; CAM_BACK_LEFT; CAM_BACK_RIGHT","","3.82"
"de7d80a1f5fb4c3e82ce8a4f213b450a","3b594831ff7f4e27a9889c7b7d0d8e92","planning","what_query","What actions could the ego vehicle take based on the vehicle in front camera? Why take this action and what's the probability?","The action is to turn left. The reason for taking this action is to maintain a safe distance, which is high.","Low.","0.0","0.0","0.8815","4465.5","6","CAM_FRONT; CAM_FRONT_LEFT; CAM_FRONT_RIGHT; CAM_BACK; CAM_BACK_LEFT; CAM_BACK_RIGHT","D_incomplete","3.82"
"de7d80a1f5fb4c3e82ce8a4f213b450a","3b594831ff7f4e27a9889c7b7d0d8e92","planning","what_query","What is the probability of colliding with the vehicle in front camera after the ego vehicle decelerates and turns left?","Low.","Low.","1.0","1.0","1.0","2772.4","6","CAM_FRONT; CAM_FRONT_LEFT; CAM_FRONT_RIGHT; CAM_BACK; CAM_BACK_LEFT; CAM_BACK_RIGHT","","3.82"
"de7d80a1f5fb4c3e82ce8a4f213b450a","3b594831ff7f4e27a9889c7b7d0d8e92","planning","what_query","What actions taken by the ego vehicle can lead to a collision with the vehicle in front camera?","Slight left turn.","Accelerate and go straight actions taken by the ego vehicle can lead to a collision with the vehicle in front camera.","0.0","0.0","0.8444","4358.5","6","CAM_FRONT; CAM_FRONT_LEFT; CAM_FRONT_RIGHT; CAM_BACK; CAM_BACK_LEFT; CAM_BACK_RIGHT","A_hallucination","3.82"
"de7d80a1f5fb4c3e82ce8a4f213b450a","3b594831ff7f4e27a9889c7b7d0d8e92","planning","yes_no","Is the vehicle in front-right camera an object that the ego vehicle should consider in the current scene?","Yes.","Yes.","1.0","1.0","1.0","2805.5","6","CAM_FRONT; CAM_FRONT_LEFT; CAM_FRONT_RIGHT; CAM_BACK; CAM_BACK_LEFT; CAM_BACK_RIGHT","","3.82"
"de7d80a1f5fb4c3e82ce8a4f213b450a","3b594831ff7f4e27a9889c7b7d0d8e92","planning","what_query","What actions could the ego vehicle take based on the vehicle in front-right camera? Why take this action and what's the probability?","The action is to turn left because there is no safety issue. The probability of this action is high.","Low.","0.0","0.0","0.8793","6353.6","6","CAM_FRONT; CAM_FRONT_LEFT; CAM_FRONT_RIGHT; CAM_BACK; CAM_BACK_LEFT; CAM_BACK_RIGHT","D_incomplete","3.82"
"de7d80a1f5fb4c3e82ce8a4f213b450a","3b594831ff7f4e27a9889c7b7d0d8e92","planning","what_query","What is the probability of colliding with the vehicle in front-right camera after the ego vehicle decelerates and turns left?","Low.","Low.","1.0","1.0","1.0","2909.4","6","CAM_FRONT; CAM_FRONT_LEFT; CAM_FRONT_RIGHT; CAM_BACK; CAM_BACK_LEFT; CAM_BACK_RIGHT","","3.82"
"de7d80a1f5fb4c3e82ce8a4f213b450a","3b594831ff7f4e27a9889c7b7d0d8e92","planning","what_query","What actions taken by the ego vehicle can lead to a collision with the vehicle in front-right camera?","Sharp right turn.","Accelerate and go straight actions taken by the ego vehicle can lead to a collision with the vehicle in front-right camera.","0.08","0.0","0.8519","4760.8","6","CAM_FRONT; CAM_FRONT_LEFT; CAM_FRONT_RIGHT; CAM_BACK; CAM_BACK_LEFT; CAM_BACK_RIGHT","A_hallucination","3.82"
"de7d80a1f5fb4c3e82ce8a4f213b450a","3b594831ff7f4e27a9889c7b7d0d8e92","planning","yes_no","Is the pedestrian in back camera an object that the ego vehicle should consider in the current scene?","No.","Yes.","0.0","0.0","0.9945","2850.2","6","CAM_FRONT; CAM_FRONT_LEFT; CAM_FRONT_RIGHT; CAM_BACK; CAM_BACK_LEFT; CAM_BACK_RIGHT","E_planning_error","3.82"
"de7d80a1f5fb4c3e82ce8a4f213b450a","3b594831ff7f4e27a9889c7b7d0d8e92","planning","what_query","What actions could the ego vehicle take based on the pedestrian in back camera? Why take this action and what's the probability?","The action is to turn left. The reason is that the object has little reference value for the ego vehicle, with a high probability.","Low.","0.0","0.0","0.8797","5232.6","6","CAM_FRONT; CAM_FRONT_LEFT; CAM_FRONT_RIGHT; CAM_BACK; CAM_BACK_LEFT; CAM_BACK_RIGHT","D_incomplete","3.82"
"de7d80a1f5fb4c3e82ce8a4f213b450a","3b594831ff7f4e27a9889c7b7d0d8e92","planning","what_query","What is the probability of colliding with the pedestrian in back camera after the ego vehicle decelerates and turns left?","Low.","Low.","1.0","1.0","1.0","2823.9","6","CAM_FRONT; CAM_FRONT_LEFT; CAM_FRONT_RIGHT; CAM_BACK; CAM_BACK_LEFT; CAM_BACK_RIGHT","","3.82"
"de7d80a1f5fb4c3e82ce8a4f213b450a","3b594831ff7f4e27a9889c7b7d0d8e92","planning","yes_no","Is it necessary for the ego vehicle to take the traffic element in front-left camera into account?","Yes.","Yes.","1.0","1.0","1.0","2803.7","6","CAM_FRONT; CAM_FRONT_LEFT; CAM_FRONT_RIGHT; CAM_BACK; CAM_BACK_LEFT; CAM_BACK_RIGHT","","3.82"
"de7d80a1f5fb4c3e82ce8a4f213b450a","3b594831ff7f4e27a9889c7b7d0d8e92","planning","other_question_type","Based on the traffic element in front-left camera in this scene, what is the most possible action of the ego vehicle?","Turn left.","The most possible action of the ego vehicle is to accelerate and go straight.","0.0","0.0","0.8566","4092.3","6","CAM_FRONT; CAM_FRONT_LEFT; CAM_FRONT_RIGHT; CAM_BACK; CAM_BACK_LEFT; CAM_BACK_RIGHT","E_planning_error","3.82"
"de7d80a1f5fb4c3e82ce8a4f213b450a","3b594831ff7f4e27a9889c7b7d0d8e92","planning","what_query","What is the traffic signal that the ego vehicle should pay attention to?","Green light.","The ego vehicle should pay attention to the traffic signal in the front left camera.","0.0","0.0","0.8725","3577.0","6","CAM_FRONT; CAM_FRONT_LEFT; CAM_FRONT_RIGHT; CAM_BACK; CAM_BACK_LEFT; CAM_BACK_RIGHT","E_planning_error","3.82"
"de7d80a1f5fb4c3e82ce8a4f213b450a","3b594831ff7f4e27a9889c7b7d0d8e92","planning","what_query","What is the target action of the ego vehicle?","Turn left.","The target action of the ego vehicle is to keep going at the same speed.","0.0","0.0","0.8602","3694.4","6","CAM_FRONT; CAM_FRONT_LEFT; CAM_FRONT_RIGHT; CAM_BACK; CAM_BACK_LEFT; CAM_BACK_RIGHT","E_planning_error","3.82"
"de7d80a1f5fb4c3e82ce8a4f213b450a","3b594831ff7f4e27a9889c7b7d0d8e92","planning","other_question_type","In this scenario, what are safe actions to take for the ego vehicle?","Decelerate gradually without braking, turn left, slightly offset to the left.","In this scenario, the ego vehicle should maintain a safe distance from the vehicle in front camera. This can be achieved by accelerating and going straight.","0.0541","0.0","0.849","4854.0","6","CAM_FRONT; CAM_FRONT_LEFT; CAM_FRONT_RIGHT; CAM_BACK; CAM_BACK_LEFT; CAM_BACK_RIGHT","A_hallucination","3.82"
"de7d80a1f5fb4c3e82ce8a4f213b450a","3b594831ff7f4e27a9889c7b7d0d8e92","planning","other_question_type","In this scenario, what are dangerous actions to take for the ego vehicle?","Keep going at the same speed, brake suddenly, turn right, back up, change to the right lane.","High.","0.0","0.0","0.8592","5583.7","6","CAM_FRONT; CAM_FRONT_LEFT; CAM_FRONT_RIGHT; CAM_BACK; CAM_BACK_LEFT; CAM_BACK_RIGHT","D_incomplete","3.82"
"de7d80a1f5fb4c3e82ce8a4f213b450a","3b594831ff7f4e27a9889c7b7d0d8e92","planning","what_query","What is the priority of the objects that the ego vehicle should consider?(in descending order)","The priority of the objects that the ego vehicle should consider, in descending order, is the traffic element in front-left camera, the vehicle in front camera, the vehicle in back camera, the pedestrian in back camera, the vehicle in front-right camera.","There are 5 people to the left.","0.08","0.0","0.8337","3541.7","6","CAM_FRONT; CAM_FRONT_LEFT; CAM_FRONT_RIGHT; CAM_BACK; CAM_BACK_LEFT; CAM_BACK_RIGHT","C_wrong_camera","3.82"
"de7d80a1f5fb4c3e82ce8a4f213b450a","3b594831ff7f4e27a9889c7b7d0d8e92","planning","what_query","What actions taken by the ego vehicle can lead to a collision with the pedestrian in back camera?","Reversing from the left rear.","The ego vehicle is accelerating and going straight.","0.1538","0.0","0.851","3660.3","6","CAM_FRONT; CAM_FRONT_LEFT; CAM_FRONT_RIGHT; CAM_BACK; CAM_BACK_LEFT; CAM_BACK_RIGHT","E_planning_error","3.82"
"de7d80a1f5fb4c3e82ce8a4f213b450a","3b594831ff7f4e27a9889c7b7d0d8e92","planning","what_query","What's your comment on this scene?","The visibility in this scene is poor for night driving.","The scene shows a busy street with multiple vehicles, including a car and a truck. There are several people walking around, and a traffic light is visible in the area.","0.15","0.0","0.8645","5306.6","6","CAM_FRONT; CAM_FRONT_LEFT; CAM_FRONT_RIGHT; CAM_BACK; CAM_BACK_LEFT; CAM_BACK_RIGHT","E_planning_error","3.82"
"de7d80a1f5fb4c3e82ce8a4f213b450a","3b594831ff7f4e27a9889c7b7d0d8e92","behavior","ego_behavior_prediction","Predict the behavior of the ego vehicle.","The ego vehicle is going straight. The ego vehicle is driving slowly.","The ego vehicle is going straight. The ego vehicle is driving fast.","0.9167","0.0","0.9914","3443.8","6","CAM_FRONT; CAM_FRONT_LEFT; CAM_FRONT_RIGHT; CAM_BACK; CAM_BACK_LEFT; CAM_BACK_RIGHT","","3.82"
"de7d80a1f5fb4c3e82ce8a4f213b450a","fe40762a54e1414da73de751877ad576","perception","object_enumeration","What are objects to the back of the ego car?","There are two pedestrians and many cars behind the ego car.","There are many pedestrians and two cars behind the ego car.","0.8182","0.0","0.9824","3476.2","6","CAM_FRONT; CAM_FRONT_LEFT; CAM_FRONT_RIGHT; CAM_BACK; CAM_BACK_LEFT; CAM_BACK_RIGHT","","3.82"
"de7d80a1f5fb4c3e82ce8a4f213b450a","fe40762a54e1414da73de751877ad576","perception","status_query","What is the status of the pedestrians that are to the back of the ego car?","Two pedestrians are moving.","There are many pedestrians and two cars behind the ego car.","0.1333","0.0","0.8957","3437.9","6","CAM_FRONT; CAM_FRONT_LEFT; CAM_FRONT_RIGHT; CAM_BACK; CAM_BACK_LEFT; CAM_BACK_RIGHT","F_other","3.82"
"de7d80a1f5fb4c3e82ce8a4f213b450a","fe40762a54e1414da73de751877ad576","perception","status_query","What is the status of the cars that are to the back of the ego car?","Many cars are moving, and three are parked.","There are two cars behind the ego car.","0.125","0.0","0.8995","3102.6","6","CAM_FRONT; CAM_FRONT_LEFT; CAM_FRONT_RIGHT; CAM_BACK; CAM_BACK_LEFT; CAM_BACK_RIGHT","F_other","3.82"
"de7d80a1f5fb4c3e82ce8a4f213b450a","fe40762a54e1414da73de751877ad576","perception","object_enumeration","What are objects to the back right of the ego car?","There is one bus and one pedestrian to the back right of the ego car.","There are two cars and many pedestrians behind the ego car.","0.4615","0.0","0.9309","3403.4","6","CAM_FRONT; CAM_FRONT_LEFT; CAM_FRONT_RIGHT; CAM_BACK; CAM_BACK_LEFT; CAM_BACK_RIGHT","","3.82"
"de7d80a1f5fb4c3e82ce8a4f213b450a","fe40762a54e1414da73de751877ad576","perception","status_query","What is the status of the bus that is to the back right of the ego car?","One bus is moving.","Moving.","0.4","0.0","0.9015","2730.1","6","CAM_FRONT; CAM_FRONT_LEFT; CAM_FRONT_RIGHT; CAM_BACK; CAM_BACK_LEFT; CAM_BACK_RIGHT","","3.82"
"de7d80a1f5fb4c3e82ce8a4f213b450a","fe40762a54e1414da73de751877ad576","perception","status_query","What is the status of the pedestrian that is to the back right of the ego car?","One pedestrian is moving.","Moving.","0.4","0.0","0.9064","2743.3","6","CAM_FRONT; CAM_FRONT_LEFT; CAM_FRONT_RIGHT; CAM_BACK; CAM_BACK_LEFT; CAM_BACK_RIGHT","","3.82"
"de7d80a1f5fb4c3e82ce8a4f213b450a","fe40762a54e1414da73de751877ad576","perception","object_enumeration","What are objects to the front of the ego car?","There are two cars and one motorcycle in front of the ego car.","There are two cars and two pedestrians in front of the ego car.","0.8462","0.0","0.9699","3590.6","6","CAM_FRONT; CAM_FRONT_LEFT; CAM_FRONT_RIGHT; CAM_BACK; CAM_BACK_LEFT; CAM_BACK_RIGHT","","3.82"
"de7d80a1f5fb4c3e82ce8a4f213b450a","fe40762a54e1414da73de751877ad576","perception","status_query","What is the status of the cars that are to the front of the ego car?","Two cars are moving.","There are two cars in front of the ego car.","0.2857","0.0","0.8997","3291.4","6","CAM_FRONT; CAM_FRONT_LEFT; CAM_FRONT_RIGHT; CAM_BACK; CAM_BACK_LEFT; CAM_BACK_RIGHT","F_other","3.82"
"de7d80a1f5fb4c3e82ce8a4f213b450a","fe40762a54e1414da73de751877ad576","perception","object_enumeration","What are objects to the back left of the ego car?","There is one pedestrian to the back left of the ego car.","There are two cars behind the ego car.","0.4","0.0","0.9311","3185.0","6","CAM_FRONT; CAM_FRONT_LEFT; CAM_FRONT_RIGHT; CAM_BACK; CAM_BACK_LEFT; CAM_BACK_RIGHT","","3.82"
"de7d80a1f5fb4c3e82ce8a4f213b450a","fe40762a54e1414da73de751877ad576","perception","status_query","What is the status of the pedestrian that is to the back left of the ego car?","One pedestrian is moving.","Moving.","0.4","0.0","0.9064","2793.9","6","CAM_FRONT; CAM_FRONT_LEFT; CAM_FRONT_RIGHT; CAM_BACK; CAM_BACK_LEFT; CAM_BACK_RIGHT","","3.82"
"de7d80a1f5fb4c3e82ce8a4f213b450a","fe40762a54e1414da73de751877ad576","perception","status_query","What is the status of the motorcycle that is to the front of the ego car?","One motorcycle is with a rider.","Moving.","0.0","0.0","0.8812","2787.5","6","CAM_FRONT; CAM_FRONT_LEFT; CAM_FRONT_RIGHT; CAM_BACK; CAM_BACK_LEFT; CAM_BACK_RIGHT","D_incomplete","3.82"
"de7d80a1f5fb4c3e82ce8a4f213b450a","fe40762a54e1414da73de751877ad576","perception","yes_no","Are there bicycles without riders to the back of the ego car?","No.","No.","1.0","1.0","1.0","2571.4","6","CAM_FRONT; CAM_FRONT_LEFT; CAM_FRONT_RIGHT; CAM_BACK; CAM_BACK_LEFT; CAM_BACK_RIGHT","","3.82"
"de7d80a1f5fb4c3e82ce8a4f213b450a","fe40762a54e1414da73de751877ad576","perception","other_question_type","Please describe the current scene.","There is one moving car in front of the ego car, one moving car behind the ego car, one moving pedestrian to the back left of the ego car, and two moving pedestrians behind the ego car.","The scene is a city street at night. A white bus is driving down the street, and there are multiple pedestrians walking around.","0.1333","0.0","0.8607","5041.0","6","CAM_FRONT; CAM_FRONT_LEFT; CAM_FRONT_RIGHT; CAM_BACK; CAM_BACK_LEFT; CAM_BACK_RIGHT","B_wrong_status","3.82"
"de7d80a1f5fb4c3e82ce8a4f213b450a","fe40762a54e1414da73de751877ad576","perception","what_query","What is the relative positioning of the important objects in the current scene?","the vehicle in back-right camera is in front of the object in back camera, the vehicle in front camera is in front of the object in back camera, and the vehicle in front camera is in front of the vehicle in back-right camera.","The ego car is in the front, and there are many pedestrians and two cars behind it.","0.1935","0.0","0.8529","2384.3","3","CAM_BACK_RIGHT; CAM_BACK; CAM_FRONT","C_wrong_camera","3.82"
"de7d80a1f5fb4c3e82ce8a4f213b450a","fe40762a54e1414da73de751877ad576","perception","yes_no","Is there any traffic element in the front view?","No, there are no traffic elements in the front view.","Yes.","0.0","0.0","0.9059","2551.5","6","CAM_FRONT; CAM_FRONT_LEFT; CAM_FRONT_RIGHT; CAM_BACK; CAM_BACK_LEFT; CAM_BACK_RIGHT","D_incomplete","3.82"
"de7d80a1f5fb4c3e82ce8a4f213b450a","fe40762a54e1414da73de751877ad576","perception","which_query","Which lanes are each important object on in the scene?","the vehicle in front camera is in the ego lane.","There are two lanes in the scene. The ego car is in the left lane, and there are many pedestrians and two cars behind the ego car in the right lane.","0.2927","0.0","0.8668","2738.2","1","CAM_FRONT","C_wrong_camera","3.82"
"de7d80a1f5fb4c3e82ce8a4f213b450a","fe40762a54e1414da73de751877ad576","perception","what_query","What are the important objects in the current scene? Those objects will be considered for the future reasoning and driving decision.","There is a unable to determine to the back of the ego vehicle, a red and white bus to the back right of the ego vehicle, and a silver white commercial vehicle to the front of the ego vehicle. The IDs of these objects are the object in back camera, the vehicle in back-right camera, and the vehicle in front camera.","There are many pedestrians and two cars behind the ego car.","0.1096","0.0","0.8473","2095.7","3","CAM_BACK; CAM_BACK_RIGHT; CAM_FRONT","D_incomplete","3.82"
"de7d80a1f5fb4c3e82ce8a4f213b450a","fe40762a54e1414da73de751877ad576","perception","what_query","What is the observed status of the object in back camera?","Moving.","Moving.","1.0","1.0","1.0","786.4","1","CAM_BACK","","3.82"
"de7d80a1f5fb4c3e82ce8a4f213b450a","fe40762a54e1414da73de751877ad576","perception","what_query","What is the moving status of the object in back camera?","Going ahead.","Moving.","0.0","0.0","0.9201","775.1","1","CAM_BACK","F_other","3.82"
"de7d80a1f5fb4c3e82ce8a4f213b450a","fe40762a54e1414da73de751877ad576","perception","what_query","What is the observed status of the vehicle in back-right camera?","Moving.","Moving.","1.0","1.0","1.0","808.4","1","CAM_BACK_RIGHT","","3.82"
"de7d80a1f5fb4c3e82ce8a4f213b450a","fe40762a54e1414da73de751877ad576","perception","what_query","What is the moving status of the vehicle in back-right camera?","Going ahead.","Moving.","0.0","0.0","0.9201","805.3","1","CAM_BACK_RIGHT","F_other","3.82"
"de7d80a1f5fb4c3e82ce8a4f213b450a","fe40762a54e1414da73de751877ad576","perception","what_query","What is the observed status of the vehicle in front camera?","Moving.","Moving.","1.0","1.0","1.0","757.3","1","CAM_FRONT","","3.82"
"de7d80a1f5fb4c3e82ce8a4f213b450a","fe40762a54e1414da73de751877ad576","perception","what_query","What is the moving status of the vehicle in front camera?","Going ahead.","Moving.","0.0","0.0","0.9201","758.5","1","CAM_FRONT","F_other","3.82"
"de7d80a1f5fb4c3e82ce8a4f213b450a","fe40762a54e1414da73de751877ad576","perception","visual_description","What is the visual description of the object in back camera?","Unable to determine.","There are many pedestrians and two cars behind the ego car.","0.0","0.0","0.8583","1406.2","1","CAM_BACK","F_other","3.82"
"de7d80a1f5fb4c3e82ce8a4f213b450a","fe40762a54e1414da73de751877ad576","perception","visual_description","What is the visual description of the vehicle in back-right camera?","The visual description of the vehicle in back-right camera is a red and white bus.","Moving.","0.0","0.0","0.8613","799.0","1","CAM_BACK_RIGHT","D_incomplete","3.82"
"de7d80a1f5fb4c3e82ce8a4f213b450a","fe40762a54e1414da73de751877ad576","perception","visual_description","What is the visual description of the vehicle in front camera?","Silver-white commercial vehicle.","There is a white car in front of the ego car.","0.1333","0.0","0.8634","1266.1","1","CAM_FRONT","F_other","3.82"
"de7d80a1f5fb4c3e82ce8a4f213b450a","fe40762a54e1414da73de751877ad576","prediction","yes_no","Is the object in back camera a traffic sign or a road barrier?","No.","There are two traffic lights in the back camera.","0.0","0.0","0.8924","1132.4","1","CAM_BACK","F_other","3.82"
"de7d80a1f5fb4c3e82ce8a4f213b450a","fe40762a54e1414da73de751877ad576","prediction","which_query","Which object is most likely to be occluded by the object in back camera? Would this object affect the ego vehicle? Based on this object, what action of the ego vehicle is dangerous?","None, no, none.","There are two cars in front of the ego vehicle. The car in front of the ego vehicle is most likely to be occluded by the car in back camera.","0.0","0.0","0.821","4705.0","1","CAM_BACK","A_hallucination","3.82"
"de7d80a1f5fb4c3e82ce8a4f213b450a","fe40762a54e1414da73de751877ad576","prediction","other_question_type","Would the object in back camera be in the moving direction of the ego vehicle?","No.","No.","1.0","1.0","1.0","701.4","1","CAM_BACK","","3.82"
"de7d80a1f5fb4c3e82ce8a4f213b450a","fe40762a54e1414da73de751877ad576","prediction","what_query","What is the future state of the object in back camera?","Keep going straight.","Moving.","0.0","0.0","0.9134","726.4","1","CAM_BACK","D_incomplete","3.82"
"de7d80a1f5fb4c3e82ce8a4f213b450a","fe40762a54e1414da73de751877ad576","prediction","yes_no","Is the object in back-right camera a traffic sign or a road barrier?","No.","There are two objects in the back-right camera.","0.0","0.0","0.8927","1116.7","1","CAM_BACK_RIGHT","F_other","3.82"
"de7d80a1f5fb4c3e82ce8a4f213b450a","fe40762a54e1414da73de751877ad576","prediction","which_query","Which object is most likely to be occluded by the vehicle in back-right camera? Would this object affect the ego vehicle? Based on this object, what action of the ego vehicle is dangerous?","None, no, none.","There is a bus in front of the ego vehicle. The bus is most likely to be occluded by the vehicle in back-right camera. This would affect the ego vehicle's visibility of the bus. The ego vehicle is moving, and its action of not noticing the bus is dangerous.","0.0","0.0","0.8216","3829.1","1","CAM_BACK_RIGHT","A_hallucination","3.82"
"de7d80a1f5fb4c3e82ce8a4f213b450a","fe40762a54e1414da73de751877ad576","prediction","other_question_type","Would the vehicle in back-right camera be in the moving direction of the ego vehicle?","No.","No.","1.0","1.0","1.0","696.8","1","CAM_BACK_RIGHT","","3.82"
"de7d80a1f5fb4c3e82ce8a4f213b450a","fe40762a54e1414da73de751877ad576","prediction","what_query","What is the future state of the vehicle in back-right camera?","Keep going straight.","Moving","0.0","0.0","0.8638","701.4","1","CAM_BACK_RIGHT","D_incomplete","3.82"
"de7d80a1f5fb4c3e82ce8a4f213b450a","fe40762a54e1414da73de751877ad576","prediction","yes_no","Is the object in front camera a traffic sign or a road barrier?","No.","There are two objects in front camera.","0.0","0.0","0.8888","989.3","1","CAM_FRONT","F_other","3.82"
"de7d80a1f5fb4c3e82ce8a4f213b450a","fe40762a54e1414da73de751877ad576","prediction","which_query","Which object is most likely to be occluded by the vehicle in front camera? Would this object affect the ego vehicle? Based on this object, what action of the ego vehicle is dangerous?","None, no, none.","There is a car in front of the vehicle. The car is most likely to be occluded by the vehicle in front camera. This could affect the ego vehicle's decision-making, especially if the car is in the way of the ego vehicle's path. The ego vehicle is moving.","0.0","0.0","0.8211","3769.4","1","CAM_FRONT","A_hallucination","3.82"
"de7d80a1f5fb4c3e82ce8a4f213b450a","fe40762a54e1414da73de751877ad576","prediction","other_question_type","Would the vehicle in front camera be in the moving direction of the ego vehicle?","Yes.","No.","0.0","0.0","0.9945","710.0","1","CAM_FRONT","F_other","3.82"
"de7d80a1f5fb4c3e82ce8a4f213b450a","fe40762a54e1414da73de751877ad576","prediction","what_query","What is the future state of the vehicle in front camera?","Keep going straight.","Moving.","0.0","0.0","0.9134","747.1","1","CAM_FRONT","D_incomplete","3.82"
"de7d80a1f5fb4c3e82ce8a4f213b450a","fe40762a54e1414da73de751877ad576","prediction","what_query","What object should the ego vehicle notice first when the ego vehicle is getting to the next possible location? What is the state of the object that is first noticed by the ego vehicle and what action should the ego vehicle take? What object should the ego vehicle notice second when the ego vehicle is getting to the next possible location? What is the state of the object perceived by the ego vehicle as second and what action should the ego vehicle take? What object should the ego vehicle notice third? What is the state of the object perceived by the ego vehicle as third and what action should the ego vehicle take?","Firstly, notice the vehicle in front camera. The object is going ahead, so the ego vehicle should keep going ahead at the same speed. Secondly, notice the vehicle in back-right camera. The object is going ahead, so the ego vehicle should keep going ahead at the same speed. Thirdly, notice the object in back camera. The object is going ahead, so the ego vehicle should keep going ahead at the same speed.","There are 3 cars to the right. The ego vehicle should notice the first car first, which is parked.","0.1957","0.0","0.8507","4896.4","3","CAM_FRONT; CAM_BACK_RIGHT; CAM_BACK","C_wrong_camera","3.82"
"de7d80a1f5fb4c3e82ce8a4f213b450a","fe40762a54e1414da73de751877ad576","prediction","yes_no","Are the object in back-right camera and the object in front camera traffic signs?","Neither is a traffic sign.","No.","0.0","0.0","0.8958","1050.4","2","CAM_BACK_RIGHT; CAM_FRONT","D_incomplete","3.82"
"de7d80a1f5fb4c3e82ce8a4f213b450a","fe40762a54e1414da73de751877ad576","prediction","future_state","Will the vehicle in back-right camera be in the moving direction of the vehicle in front camera?","No.","No.","1.0","1.0","1.0","1056.9","2","CAM_BACK_RIGHT; CAM_FRONT","","3.82"
"de7d80a1f5fb4c3e82ce8a4f213b450a","fe40762a54e1414da73de751877ad576","prediction","future_state","Will the vehicle in back-right camera change its motion state based on the vehicle in front camera?","No.","No.","1.0","1.0","1.0","1061.5","2","CAM_BACK_RIGHT; CAM_FRONT","","3.82"
"de7d80a1f5fb4c3e82ce8a4f213b450a","fe40762a54e1414da73de751877ad576","prediction","other_question_type","Based on the observations of the vehicle in front camera, what are possible actions to be taken by the vehicle in back-right camera? What is the reason?","The action is to keep going at the same speed, the reason is there is no safety issue.","The vehicle in back-right camera should be prepared for the vehicle in front camera to change lanes or make a turn. The reason is that the vehicle in front camera is driving on the same road and might need to change lanes or make a turn, which would affect the vehicle in back-right camera's path.","0.1579","0.0","0.8585","4269.2","2","CAM_FRONT; CAM_BACK_RIGHT","F_other","3.82"
"de7d80a1f5fb4c3e82ce8a4f213b450a","fe40762a54e1414da73de751877ad576","prediction","what_query","What object would consider the vehicle in back-right camera to be most relevant to its decision?","None.","There are two vehicles to the right.","0.0","0.0","0.8997","992.0","1","CAM_BACK_RIGHT","F_other","3.82"
"de7d80a1f5fb4c3e82ce8a4f213b450a","fe40762a54e1414da73de751877ad576","prediction","what_query","What object would consider the vehicle in front camera to be most relevant to its decision?","The ego vehicle.","The ego vehicle.","1.0","1.0","1.0","853.5","1","CAM_FRONT","","3.82"
"de7d80a1f5fb4c3e82ce8a4f213b450a","fe40762a54e1414da73de751877ad576","prediction","other_question_type","Except for the ego vehicle, what object would consider the vehicle in front camera to be most relevant to its decision?","None.","None.","1.0","1.0","1.0","702.8","1","CAM_FRONT","","3.82"
"de7d80a1f5fb4c3e82ce8a4f213b450a","fe40762a54e1414da73de751877ad576","prediction","yes_no","Are the object in front camera and the object in back camera traffic signs?","Neither is a traffic sign.","No.","0.0","0.0","0.8958","1024.7","2","CAM_FRONT; CAM_BACK","D_incomplete","3.82"
"de7d80a1f5fb4c3e82ce8a4f213b450a","fe40762a54e1414da73de751877ad576","prediction","future_state","Will the vehicle in front camera be in the moving direction of the object in back camera?","Yes.","No.","0.0","0.0","0.9945","1018.8","2","CAM_FRONT; CAM_BACK","F_other","3.82"
"de7d80a1f5fb4c3e82ce8a4f213b450a","fe40762a54e1414da73de751877ad576","prediction","future_state","Will the vehicle in front camera change its motion state based on the object in back camera?","No.","No.","1.0","1.0","1.0","1012.9","2","CAM_FRONT; CAM_BACK","","3.82"
"de7d80a1f5fb4c3e82ce8a4f213b450a","fe40762a54e1414da73de751877ad576","prediction","other_question_type","Based on the observations of the object in back camera, what are possible actions to be taken by the vehicle in front camera? What is the reason?","The action is to keep going at the same speed; the reason is that there is no safety issue.","The vehicle in front camera is moving.","0.1538","0.0","0.855","1321.2","2","CAM_BACK; CAM_FRONT","D_incomplete","3.82"
"de7d80a1f5fb4c3e82ce8a4f213b450a","fe40762a54e1414da73de751877ad576","prediction","what_query","What object would consider the vehicle in front camera to be most relevant to its decision?","The ego vehicle.","The ego vehicle.","1.0","1.0","1.0","852.2","1","CAM_FRONT","","3.82"
"de7d80a1f5fb4c3e82ce8a4f213b450a","fe40762a54e1414da73de751877ad576","prediction","other_question_type","Except for the ego vehicle, what object would consider the vehicle in front camera to be most relevant to its decision?","None.","None.","1.0","1.0","1.0","699.6","1","CAM_FRONT","","3.82"
"de7d80a1f5fb4c3e82ce8a4f213b450a","fe40762a54e1414da73de751877ad576","prediction","what_query","What object would consider the object in back camera to be most relevant to its decision?","None.","There are cars to the back camera.","0.0","0.0","0.8954","1017.4","1","CAM_BACK","F_other","3.82"
"de7d80a1f5fb4c3e82ce8a4f213b450a","fe40762a54e1414da73de751877ad576","planning","yes_no","Is the object in back camera an object that the ego vehicle should consider in the current scene?","No.","Yes.","0.0","0.0","0.9945","2829.2","6","CAM_FRONT; CAM_FRONT_LEFT; CAM_FRONT_RIGHT; CAM_BACK; CAM_BACK_LEFT; CAM_BACK_RIGHT","E_planning_error","3.82"
"de7d80a1f5fb4c3e82ce8a4f213b450a","fe40762a54e1414da73de751877ad576","planning","what_query","What actions could the ego vehicle take based on the object in back camera? Why take this action and what's the probability?","The action is to keep going at the same speed. The reason is that the object has little reference value for the ego vehicle, with a high probability.","Low.","0.0","0.0","0.8749","4648.0","6","CAM_FRONT; CAM_FRONT_LEFT; CAM_FRONT_RIGHT; CAM_BACK; CAM_BACK_LEFT; CAM_BACK_RIGHT","D_incomplete","3.82"
"de7d80a1f5fb4c3e82ce8a4f213b450a","fe40762a54e1414da73de751877ad576","planning","what_query","What is the probability of colliding with the object in back camera after the ego vehicle accelerates and goes straight?","Low.","High.","0.0","0.0","0.9778","2881.7","6","CAM_FRONT; CAM_FRONT_LEFT; CAM_FRONT_RIGHT; CAM_BACK; CAM_BACK_LEFT; CAM_BACK_RIGHT","E_planning_error","3.82"
"de7d80a1f5fb4c3e82ce8a4f213b450a","fe40762a54e1414da73de751877ad576","planning","what_query","What actions taken by the ego vehicle can lead to a collision with the object in back camera?","Back up.","The ego vehicle is accelerating and going straight.","0.0","0.0","0.8764","3736.1","6","CAM_FRONT; CAM_FRONT_LEFT; CAM_FRONT_RIGHT; CAM_BACK; CAM_BACK_LEFT; CAM_BACK_RIGHT","E_planning_error","3.82"
"de7d80a1f5fb4c3e82ce8a4f213b450a","fe40762a54e1414da73de751877ad576","planning","yes_no","Is the vehicle in back-right camera an object that the ego vehicle should consider in the current scene?","No.","Yes.","0.0","0.0","0.9945","2881.1","6","CAM_FRONT; CAM_FRONT_LEFT; CAM_FRONT_RIGHT; CAM_BACK; CAM_BACK_LEFT; CAM_BACK_RIGHT","E_planning_error","3.82"
"de7d80a1f5fb4c3e82ce8a4f213b450a","fe40762a54e1414da73de751877ad576","planning","what_query","What actions could the ego vehicle take based on the vehicle in back-right camera? Why take this action and what's the probability?","The action is to keep going at the same speed. The reason is that there is no safety issue. The probability is high.","Low.","0.0","0.0","0.879","5190.9","6","CAM_FRONT; CAM_FRONT_LEFT; CAM_FRONT_RIGHT; CAM_BACK; CAM_BACK_LEFT; CAM_BACK_RIGHT","D_incomplete","3.82"
"de7d80a1f5fb4c3e82ce8a4f213b450a","fe40762a54e1414da73de751877ad576","planning","what_query","What is the probability of colliding with the vehicle in back-right camera after the ego vehicle goes straight and keeps the same speed?","Low.","Low.","1.0","1.0","1.0","2773.6","6","CAM_FRONT; CAM_FRONT_LEFT; CAM_FRONT_RIGHT; CAM_BACK; CAM_BACK_LEFT; CAM_BACK_RIGHT","","3.82"
"de7d80a1f5fb4c3e82ce8a4f213b450a","fe40762a54e1414da73de751877ad576","planning","what_query","What actions taken by the ego vehicle can lead to a collision with the vehicle in back-right camera?","No such action will lead to a collision.","The ego vehicle is accelerating and going straight.","0.0","0.0","0.8709","3697.1","6","CAM_FRONT; CAM_FRONT_LEFT; CAM_FRONT_RIGHT; CAM_BACK; CAM_BACK_LEFT; CAM_BACK_RIGHT","E_planning_error","3.82"
"de7d80a1f5fb4c3e82ce8a4f213b450a","fe40762a54e1414da73de751877ad576","planning","yes_no","Is the vehicle in front camera an object that the ego vehicle should consider in the current scene?","Yes.","Yes.","1.0","1.0","1.0","2820.0","6","CAM_FRONT; CAM_FRONT_LEFT; CAM_FRONT_RIGHT; CAM_BACK; CAM_BACK_LEFT; CAM_BACK_RIGHT","","3.82"
"de7d80a1f5fb4c3e82ce8a4f213b450a","fe40762a54e1414da73de751877ad576","planning","what_query","What is the probability of colliding with the vehicle in front camera after the ego vehicle goes straight and keeps the same speed?","Low.","Low.","1.0","1.0","1.0","2841.8","6","CAM_FRONT; CAM_FRONT_LEFT; CAM_FRONT_RIGHT; CAM_BACK; CAM_BACK_LEFT; CAM_BACK_RIGHT","","3.82"
"de7d80a1f5fb4c3e82ce8a4f213b450a","fe40762a54e1414da73de751877ad576","planning","what_query","What actions taken by the ego vehicle can lead to a collision with the vehicle in front camera?","Accelerating and going straight.","Accelerate and go straight actions taken by the ego vehicle can lead to a collision with the vehicle in front camera.","0.32","0.0","0.8764","4825.8","6","CAM_FRONT; CAM_FRONT_LEFT; CAM_FRONT_RIGHT; CAM_BACK; CAM_BACK_LEFT; CAM_BACK_RIGHT","","3.82"
"de7d80a1f5fb4c3e82ce8a4f213b450a","fe40762a54e1414da73de751877ad576","planning","what_query","What is the traffic signal that the ego vehicle should pay attention to?","None.","The traffic signal that the ego vehicle should pay attention to is the one in the front left camera.","0.0","0.0","0.8778","4069.0","6","CAM_FRONT; CAM_FRONT_LEFT; CAM_FRONT_RIGHT; CAM_BACK; CAM_BACK_LEFT; CAM_BACK_RIGHT","A_hallucination","3.82"
"de7d80a1f5fb4c3e82ce8a4f213b450a","fe40762a54e1414da73de751877ad576","planning","what_query","What is the target action of the ego vehicle?","Go straight.","The target action of the ego vehicle is to keep going at the same speed.","0.1176","0.0","0.8667","3579.6","6","CAM_FRONT; CAM_FRONT_LEFT; CAM_FRONT_RIGHT; CAM_BACK; CAM_BACK_LEFT; CAM_BACK_RIGHT","E_planning_error","3.82"
"de7d80a1f5fb4c3e82ce8a4f213b450a","fe40762a54e1414da73de751877ad576","planning","other_question_type","In this scenario, what are safe actions to take for the ego vehicle?","Keep going at the same speed, decelerate gradually without braking.","In this scenario, the ego vehicle should maintain a safe distance from the vehicle in front camera. This can be achieved by accelerating and going straight.","0.0556","0.0","0.8643","5223.0","6","CAM_FRONT; CAM_FRONT_LEFT; CAM_FRONT_RIGHT; CAM_BACK; CAM_BACK_LEFT; CAM_BACK_RIGHT","A_hallucination","3.82"
"de7d80a1f5fb4c3e82ce8a4f213b450a","fe40762a54e1414da73de751877ad576","planning","other_question_type","In this scenario, what are dangerous actions to take for the ego vehicle?","Backing up, accelerating, and moving forward are dangerous actions for the ego vehicle in this scenario.","In this scenario, the ego vehicle should avoid accelerating and going straight, as these actions can lead to a collision with the vehicle in front camera. Instead, the vehicle should maintain a safe distance and keep going at the same speed to ensure a safe journey.","0.1935","0.0","0.8843","5185.2","6","CAM_FRONT; CAM_FRONT_LEFT; CAM_FRONT_RIGHT; CAM_BACK; CAM_BACK_LEFT; CAM_BACK_RIGHT","E_planning_error","3.82"
"de7d80a1f5fb4c3e82ce8a4f213b450a","fe40762a54e1414da73de751877ad576","planning","what_query","What is the priority of the objects that the ego vehicle should consider?(in descending order)","the vehicle in back-right camera, the vehicle in front camera, the object in back camera.","There are 5 vehicles to the left.","0.1739","0.0","0.8675","3561.3","6","CAM_FRONT; CAM_FRONT_LEFT; CAM_FRONT_RIGHT; CAM_BACK; CAM_BACK_LEFT; CAM_BACK_RIGHT","C_wrong_camera","3.82"
"de7d80a1f5fb4c3e82ce8a4f213b450a","fe40762a54e1414da73de751877ad576","planning","what_query","What actions could the ego vehicle take based on the vehicle in front camera? Why take this action and what's the probability?","The action is to maintain speed and continue driving. The reason for this action is that the target vehicle is far away from the ego vehicle. The probability of this action is high.","Low.","0.0","0.0","0.8765","4651.1","6","CAM_FRONT; CAM_FRONT_LEFT; CAM_FRONT_RIGHT; CAM_BACK; CAM_BACK_LEFT; CAM_BACK_RIGHT","D_incomplete","3.82"
"de7d80a1f5fb4c3e82ce8a4f213b450a","fe40762a54e1414da73de751877ad576","planning","what_query","What does the traffic lane marking mean?","Slow down and proceed.","The traffic lane marking indicates a specific lane for vehicles to travel in. It helps maintain order and safety on the road.","0.0769","0.0","0.8447","4069.5","6","CAM_FRONT; CAM_FRONT_LEFT; CAM_FRONT_RIGHT; CAM_BACK; CAM_BACK_LEFT; CAM_BACK_RIGHT","A_hallucination","3.82"
"de7d80a1f5fb4c3e82ce8a4f213b450a","fe40762a54e1414da73de751877ad576","behavior","ego_behavior_prediction","Predict the behavior of the ego vehicle.","The ego vehicle is going straight. The ego vehicle is driving very fast.","The ego vehicle is going straight. The ego vehicle is driving fast.","0.96","0.0","0.99","3445.4","6","CAM_FRONT; CAM_FRONT_LEFT; CAM_FRONT_RIGHT; CAM_BACK; CAM_BACK_LEFT; CAM_BACK_RIGHT","","3.82"
"de7d80a1f5fb4c3e82ce8a4f213b450a","95c0a92d52584756832ec795d346e296","perception","object_enumeration","What are objects to the back of the ego car?","There are many pedestrians, two bicycles, and two cars behind the ego car.","There are many pedestrians and two cars behind the ego car.","0.9167","0.0","0.981","3522.2","6","CAM_FRONT; CAM_FRONT_LEFT; CAM_FRONT_RIGHT; CAM_BACK; CAM_BACK_LEFT; CAM_BACK_RIGHT","","3.82"
"de7d80a1f5fb4c3e82ce8a4f213b450a","95c0a92d52584756832ec795d346e296","perception","status_query","What is the status of the pedestrians that are to the back of the ego car?","Many pedestrians are moving, and one is standing.","There are many pedestrians and two cars behind the ego car.","0.3158","0.0","0.8941","3548.4","6","CAM_FRONT; CAM_FRONT_LEFT; CAM_FRONT_RIGHT; CAM_BACK; CAM_BACK_LEFT; CAM_BACK_RIGHT","","3.82"
"de7d80a1f5fb4c3e82ce8a4f213b450a","95c0a92d52584756832ec795d346e296","perception","object_enumeration","What are objects to the front of the ego car?","There are many cars and two pedestrians in front of the ego car.","There are two cars and many pedestrians in front of the ego car.","0.8462","0.0","0.9857","3544.6","6","CAM_FRONT; CAM_FRONT_LEFT; CAM_FRONT_RIGHT; CAM_BACK; CAM_BACK_LEFT; CAM_BACK_RIGHT","","3.82"
"de7d80a1f5fb4c3e82ce8a4f213b450a","95c0a92d52584756832ec795d346e296","perception","status_query","What is the status of the cars that are to the front of the ego car?","Many cars are parked, and one is moving.","There are two cars in front of the ego car.","0.1111","0.0","0.8934","3322.7","6","CAM_FRONT; CAM_FRONT_LEFT; CAM_FRONT_RIGHT; CAM_BACK; CAM_BACK_LEFT; CAM_BACK_RIGHT","F_other","3.82"
"de7d80a1f5fb4c3e82ce8a4f213b450a","95c0a92d52584756832ec795d346e296","perception","object_enumeration","What are objects to the front right of the ego car?","There are many pedestrians and one bicycle to the front right of the ego car.","There are two cars and two pedestrians to the front right of the ego car.","0.7333","0.0","0.9591","3810.3","6","CAM_FRONT; CAM_FRONT_LEFT; CAM_FRONT_RIGHT; CAM_BACK; CAM_BACK_LEFT; CAM_BACK_RIGHT","","3.82"
"de7d80a1f5fb4c3e82ce8a4f213b450a","95c0a92d52584756832ec795d346e296","perception","status_query","What is the status of the pedestrians that are to the front right of the ego car?","Many pedestrians are moving, and one is standing.","There are many pedestrians and two cars behind the ego car.","0.3158","0.0","0.8941","3579.9","6","CAM_FRONT; CAM_FRONT_LEFT; CAM_FRONT_RIGHT; CAM_BACK; CAM_BACK_LEFT; CAM_BACK_RIGHT","","3.82"
"de7d80a1f5fb4c3e82ce8a4f213b450a","95c0a92d52584756832ec795d346e296","perception","status_query","What is the status of the bicycles that are to the back of the ego car?","Two bicycles are without riders.","There are two bicycles behind the ego car.","0.3077","0.0","0.8916","3406.6","6","CAM_FRONT; CAM_FRONT_LEFT; CAM_FRONT_RIGHT; CAM_BACK; CAM_BACK_LEFT; CAM_BACK_RIGHT","","3.82"
"de7d80a1f5fb4c3e82ce8a4f213b450a","95c0a92d52584756832ec795d346e296","perception","status_query","What is the status of the cars that are to the back of the ego car?","Two cars are moving.","There are two cars behind the ego car.","0.3333","0.0","0.9023","3235.0","6","CAM_FRONT; CAM_FRONT_LEFT; CAM_FRONT_RIGHT; CAM_BACK; CAM_BACK_LEFT; CAM_BACK_RIGHT","","3.82"
"de7d80a1f5fb4c3e82ce8a4f213b450a","95c0a92d52584756832ec795d346e296","perception","object_enumeration","What are objects to the back right of the ego car?","There are many pedestrians, many cars, and one bus to the back right of the ego car.","There are two cars behind the ego car.","0.48","0.0","0.9149","3195.1","6","CAM_FRONT; CAM_FRONT_LEFT; CAM_FRONT_RIGHT; CAM_BACK; CAM_BACK_LEFT; CAM_BACK_RIGHT","","3.82"
"de7d80a1f5fb4c3e82ce8a4f213b450a","95c0a92d52584756832ec795d346e296","perception","status_query","What is the status of the pedestrians that are to the back right of the ego car?","Many pedestrians are moving.","There are many pedestrians and two cars behind the ego car.","0.2667","0.0","0.8955","3467.8","6","CAM_FRONT; CAM_FRONT_LEFT; CAM_FRONT_RIGHT; CAM_BACK; CAM_BACK_LEFT; CAM_BACK_RIGHT","F_other","3.82"
"de7d80a1f5fb4c3e82ce8a4f213b450a","95c0a92d52584756832ec795d346e296","perception","status_query","What is the status of the cars that are to the back right of the ego car?","Two of the cars are parked, and two are moving.","Moving.","0.1818","0.0","0.8867","2738.0","6","CAM_FRONT; CAM_FRONT_LEFT; CAM_FRONT_RIGHT; CAM_BACK; CAM_BACK_LEFT; CAM_BACK_RIGHT","B_wrong_status","3.82"
"de7d80a1f5fb4c3e82ce8a4f213b450a","95c0a92d52584756832ec795d346e296","perception","status_query","What is the status of the bus that is to the back right of the ego car?","One bus is moving.","Moving.","0.4","0.0","0.9015","2721.8","6","CAM_FRONT; CAM_FRONT_LEFT; CAM_FRONT_RIGHT; CAM_BACK; CAM_BACK_LEFT; CAM_BACK_RIGHT","","3.82"
"de7d80a1f5fb4c3e82ce8a4f213b450a","95c0a92d52584756832ec795d346e296","perception","object_enumeration","What are objects to the front left of the ego car?","There are two cars and two pedestrians to the front left of the ego car.","There are two cars and many pedestrians to the front left of the ego car.","0.9333","0.0","0.9885","3608.9","6","CAM_FRONT; CAM_FRONT_LEFT; CAM_FRONT_RIGHT; CAM_BACK; CAM_BACK_LEFT; CAM_BACK_RIGHT","","3.82"
"de7d80a1f5fb4c3e82ce8a4f213b450a","95c0a92d52584756832ec795d346e296","perception","status_query","What is the status of the cars that are to the front left of the ego car?","Two cars are moving.","There are two cars behind the ego car.","0.3333","0.0","0.9023","3142.9","6","CAM_FRONT; CAM_FRONT_LEFT; CAM_FRONT_RIGHT; CAM_BACK; CAM_BACK_LEFT; CAM_BACK_RIGHT","","3.82"
"de7d80a1f5fb4c3e82ce8a4f213b450a","95c0a92d52584756832ec795d346e296","perception","status_query","What is the status of the pedestrians that are to the front of the ego car?","Two pedestrians are moving.","There are many pedestrians and two cars in front of the ego car.","0.1176","0.0","0.8922","3540.2","6","CAM_FRONT; CAM_FRONT_LEFT; CAM_FRONT_RIGHT; CAM_BACK; CAM_BACK_LEFT; CAM_BACK_RIGHT","F_other","3.82"
"de7d80a1f5fb4c3e82ce8a4f213b450a","95c0a92d52584756832ec795d346e296","perception","status_query","What is the status of the pedestrians that are to the front left of the ego car?","Two pedestrians are moving.","There are many pedestrians and two cars behind the ego car.","0.1333","0.0","0.8957","3466.0","6","CAM_FRONT; CAM_FRONT_LEFT; CAM_FRONT_RIGHT; CAM_BACK; CAM_BACK_LEFT; CAM_BACK_RIGHT","F_other","3.82"
"de7d80a1f5fb4c3e82ce8a4f213b450a","95c0a92d52584756832ec795d346e296","perception","object_enumeration","What are objects to the back left of the ego car?","There is one pedestrian to the back left of the ego car.","There are many pedestrians and two cars behind the ego car.","0.4348","0.0","0.9274","3513.1","6","CAM_FRONT; CAM_FRONT_LEFT; CAM_FRONT_RIGHT; CAM_BACK; CAM_BACK_LEFT; CAM_BACK_RIGHT","","3.82"
"de7d80a1f5fb4c3e82ce8a4f213b450a","95c0a92d52584756832ec795d346e296","perception","status_query","What is the status of the pedestrian that is to the back left of the ego car?","The pedestrian to the back left of the ego car is moving.","Moving.","0.1538","0.0","0.8748","2779.9","6","CAM_FRONT; CAM_FRONT_LEFT; CAM_FRONT_RIGHT; CAM_BACK; CAM_BACK_LEFT; CAM_BACK_RIGHT","D_incomplete","3.82"
"de7d80a1f5fb4c3e82ce8a4f213b450a","95c0a92d52584756832ec795d346e296","perception","status_query","What is the status of the bicycle that is to the front right of the ego car?","One bicycle is without a rider.","Moving.","0.0","0.0","0.8764","2801.8","6","CAM_FRONT; CAM_FRONT_LEFT; CAM_FRONT_RIGHT; CAM_BACK; CAM_BACK_LEFT; CAM_BACK_RIGHT","D_incomplete","3.82"
"de7d80a1f5fb4c3e82ce8a4f213b450a","95c0a92d52584756832ec795d346e296","perception","yes_no","Are there bicycles with riders to the front of the ego car?","No.","No.","1.0","1.0","1.0","2695.3","6","CAM_FRONT; CAM_FRONT_LEFT; CAM_FRONT_RIGHT; CAM_BACK; CAM_BACK_LEFT; CAM_BACK_RIGHT","","3.82"
"de7d80a1f5fb4c3e82ce8a4f213b450a","95c0a92d52584756832ec795d346e296","perception","yes_no","Are there bicycles without riders to the back left of the ego car?","No.","No.","1.0","1.0","1.0","2546.4","6","CAM_FRONT; CAM_FRONT_LEFT; CAM_FRONT_RIGHT; CAM_BACK; CAM_BACK_LEFT; CAM_BACK_RIGHT","","3.82"
"de7d80a1f5fb4c3e82ce8a4f213b450a","95c0a92d52584756832ec795d346e296","perception","yes_no","Are there moving pedestrians to the front right of the ego car?","Yes.","Yes.","1.0","1.0","1.0","2547.1","6","CAM_FRONT; CAM_FRONT_LEFT; CAM_FRONT_RIGHT; CAM_BACK; CAM_BACK_LEFT; CAM_BACK_RIGHT","","3.82"
"de7d80a1f5fb4c3e82ce8a4f213b450a","95c0a92d52584756832ec795d346e296","perception","yes_no","Are there parked cars to the front of the ego car?","Yes.","Yes.","1.0","1.0","1.0","2550.7","6","CAM_FRONT; CAM_FRONT_LEFT; CAM_FRONT_RIGHT; CAM_BACK; CAM_BACK_LEFT; CAM_BACK_RIGHT","","3.82"
"de7d80a1f5fb4c3e82ce8a4f213b450a","95c0a92d52584756832ec795d346e296","perception","other_question_type","Please describe the current scene.","There is one moving car to the front left of the ego car, one moving car to the back of the ego car, many parked cars to the front of the ego car, two bicycles without riders to the back of the ego car, one standing pedestrian to the back of the ego car, one moving pedestrian to the front of the ego car, one moving pedestrian to the front right of the ego car, and two moving pedestrians to the back of the ego car.","The scene is a busy street at night. There are many pedestrians and two cars behind the ego car.","0.1524","0.0","0.8519","4863.4","6","CAM_FRONT; CAM_FRONT_LEFT; CAM_FRONT_RIGHT; CAM_BACK; CAM_BACK_LEFT; CAM_BACK_RIGHT","D_incomplete","3.82"
"de7d80a1f5fb4c3e82ce8a4f213b450a","95c0a92d52584756832ec795d346e296","perception","what_query","What is the relative positioning of the important objects in the current scene?","the vehicle in back camera is at the back of the vehicle in front camera, the vehicle in front-left camera is at the back left of the vehicle in front camera, the pedestrian in front-right camera is at the back right of the vehicle in front camera, the vehicle in front-left camera is at the front of the vehicle in back camera, the pedestrian in front-right camera is at the front right of the vehicle in back camera and the pedestrian in front-right camera is at the back right of the vehicle in front-left camera.","The ego car is in the foreground, and there are many pedestrians and two cars behind it.","0.1017","0.0","0.8376","2795.3","4","CAM_BACK; CAM_FRONT; CAM_FRONT_LEFT; CAM_FRONT_RIGHT","D_incomplete","3.82"
"de7d80a1f5fb4c3e82ce8a4f213b450a","95c0a92d52584756832ec795d346e296","perception","yes_no","Is there any traffic element in the front view?","Yes, there are traffic elements in the front view.","Yes.","0.2","0.0","0.9103","2576.5","6","CAM_FRONT; CAM_FRONT_LEFT; CAM_FRONT_RIGHT; CAM_BACK; CAM_BACK_LEFT; CAM_BACK_RIGHT","D_incomplete","3.82"
"de7d80a1f5fb4c3e82ce8a4f213b450a","95c0a92d52584756832ec795d346e296","perception","planning_other","Identify all the traffic elements in the front view, categorize them, determine their status, and predict the bounding box around each one. The output should be a list formatted as (c, s, x1, y1, x2, y2), where c represents the category, s denotes the status, and x1, y1, x2, y2 are the offsets of the top-left and bottom-right corners of the box relative to the center point.","There are three traffic elements in the front view. The information of these traffic elements is [(traffic light, unknown, 1370.52, 334.8, 1408.82, 402.47), (traffic light, red, 1409.5, 325.38, 1463.86, 403.52), (traffic light, unknown, 1395.05, 336.49, 1420.47, 402.13)].","","0.0","0.0","","13640.9","6","CAM_FRONT; CAM_FRONT_LEFT; CAM_FRONT_RIGHT; CAM_BACK; CAM_BACK_LEFT; CAM_BACK_RIGHT","D_incomplete","3.82"
"de7d80a1f5fb4c3e82ce8a4f213b450a","95c0a92d52584756832ec795d346e296","perception","which_query","Which lanes are each important object on in the scene?","the pedestrian in front-right camera is in the right lane.","There are two lanes in the scene. The ego car is in the left lane, and the pedestrians are in the right lane.","0.3529","0.0","0.8947","2377.8","1","CAM_FRONT_RIGHT","","3.82"
"de7d80a1f5fb4c3e82ce8a4f213b450a","95c0a92d52584756832ec795d346e296","perception","what_query","What are the important objects in the current scene? Those objects will be considered for the future reasoning and driving decision.","There is a white sedan to the front of the ego vehicle, a white sedan to the back of the ego vehicle, a white sedan to the front left of the ego vehicle, and a people crossing the road to the front right of the ego vehicle. The IDs of these objects are the vehicle in front camera, the vehicle in back camera, the vehicle in front-left camera, and the pedestrian in front-right camera.","There are many pedestrians and two cars behind the ego car.","0.092","0.0","0.8443","2316.5","4","CAM_FRONT; CAM_BACK; CAM_FRONT_LEFT; CAM_FRONT_RIGHT","D_incomplete","3.82"
"de7d80a1f5fb4c3e82ce8a4f213b450a","95c0a92d52584756832ec795d346e296","perception","what_query","What is the observed status of the vehicle in front camera?","Stationary.","Moving.","0.0","0.0","0.9269","789.4","1","CAM_FRONT","B_wrong_status","3.82"
"de7d80a1f5fb4c3e82ce8a4f213b450a","95c0a92d52584756832ec795d346e296","perception","what_query","What is the observed status of the vehicle in back camera?","Moving.","Moving.","1.0","1.0","1.0","784.3","1","CAM_BACK","","3.82"
"de7d80a1f5fb4c3e82ce8a4f213b450a","95c0a92d52584756832ec795d346e296","perception","what_query","What is the moving status of the vehicle in back camera?","Going ahead.","Moving.","0.0","0.0","0.9201","786.4","1","CAM_BACK","F_other","3.82"
"de7d80a1f5fb4c3e82ce8a4f213b450a","95c0a92d52584756832ec795d346e296","perception","what_query","What is the observed status of the vehicle in front-left camera?","Moving.","Moving.","1.0","1.0","1.0","749.5","1","CAM_FRONT_LEFT","","3.82"
"de7d80a1f5fb4c3e82ce8a4f213b450a","95c0a92d52584756832ec795d346e296","perception","what_query","What is the moving status of the vehicle in front-left camera?","Going ahead.","Moving.","0.0","0.0","0.9201","736.0","1","CAM_FRONT_LEFT","F_other","3.82"
"de7d80a1f5fb4c3e82ce8a4f213b450a","95c0a92d52584756832ec795d346e296","perception","what_query","What is the observed status of the pedestrian in front-right camera?","Moving.","Moving.","1.0","1.0","1.0","731.9","1","CAM_FRONT_RIGHT","","3.82"
"de7d80a1f5fb4c3e82ce8a4f213b450a","95c0a92d52584756832ec795d346e296","perception","what_query","What is the moving status of the pedestrian in front-right camera?","Going ahead.","Moving.","0.0","0.0","0.9201","863.5","1","CAM_FRONT_RIGHT","F_other","3.82"
"de7d80a1f5fb4c3e82ce8a4f213b450a","95c0a92d52584756832ec795d346e296","perception","visual_description","What is the visual description of the vehicle in front camera?","White sedan.","White.","0.6667","0.0","0.9232","709.7","1","CAM_FRONT","","3.82"
"de7d80a1f5fb4c3e82ce8a4f213b450a","95c0a92d52584756832ec795d346e296","perception","visual_description","What is the visual description of the vehicle in back camera?","White sedan.","Moving.","0.0","0.0","0.9247","758.4","1","CAM_BACK","F_other","3.82"
"de7d80a1f5fb4c3e82ce8a4f213b450a","95c0a92d52584756832ec795d346e296","perception","visual_description","What is the visual description of the vehicle in front-left camera?","White sedan.","There is a car in front of the ego car.","0.0","0.0","0.8755","1247.4","1","CAM_FRONT_LEFT","F_other","3.82"
"de7d80a1f5fb4c3e82ce8a4f213b450a","95c0a92d52584756832ec795d346e296","perception","visual_description","What is the visual description of the pedestrian in front-right camera?","The visual description of the pedestrian in front-right camera is people crossing the road.","There is a person walking on the sidewalk.","0.1739","0.0","0.8886","1108.5","1","CAM_FRONT_RIGHT","F_other","3.82"
"de7d80a1f5fb4c3e82ce8a4f213b450a","95c0a92d52584756832ec795d346e296","prediction","yes_no","Is the object in front camera a traffic sign or a road barrier?","No.","No.","1.0","1.0","1.0","692.9","1","CAM_FRONT","","3.82"
"de7d80a1f5fb4c3e82ce8a4f213b450a","95c0a92d52584756832ec795d346e296","prediction","other_question_type","Would the vehicle in front camera be in the moving direction of the ego vehicle?","No.","No.","1.0","1.0","1.0","689.5","1","CAM_FRONT","","3.82"
"de7d80a1f5fb4c3e82ce8a4f213b450a","95c0a92d52584756832ec795d346e296","prediction","what_query","What is the future state of the vehicle in front camera?","Keep going straight.","Moving.","0.0","0.0","0.9134","739.7","1","CAM_FRONT","D_incomplete","3.82"
"de7d80a1f5fb4c3e82ce8a4f213b450a","95c0a92d52584756832ec795d346e296","prediction","yes_no","Is the object in back camera a traffic sign or a road barrier?","No.","There are two traffic signs in the back camera.","0.0","0.0","0.8924","1134.3","1","CAM_BACK","F_other","3.82"
"de7d80a1f5fb4c3e82ce8a4f213b450a","95c0a92d52584756832ec795d346e296","prediction","which_query","Which object is most likely to be occluded by the vehicle in back camera? Would this object affect the ego vehicle? Based on this object, what action of the ego vehicle is dangerous?","None, no, none.","There is a tree in front of the vehicle in the back camera. The ego vehicle is moving. The tree might be obstructing the view of the traffic sign for the ego vehicle, which could be dangerous if the driver is not aware of the sign.","0.0","0.0","0.8196","3282.7","1","CAM_BACK","A_hallucination","3.82"
"de7d80a1f5fb4c3e82ce8a4f213b450a","95c0a92d52584756832ec795d346e296","prediction","other_question_type","Would the vehicle in back camera be in the moving direction of the ego vehicle?","No.","No.","1.0","1.0","1.0","670.2","1","CAM_BACK","","3.82"
"de7d80a1f5fb4c3e82ce8a4f213b450a","95c0a92d52584756832ec795d346e296","prediction","what_query","What is the future state of the vehicle in back camera?","Keep going straight.","Moving.","0.0","0.0","0.9134","777.2","1","CAM_BACK","D_incomplete","3.82"
"de7d80a1f5fb4c3e82ce8a4f213b450a","95c0a92d52584756832ec795d346e296","prediction","yes_no","Is the object in front-left camera a traffic sign or a road barrier?","No.","There are two traffic signs to the left.","0.0","0.0","0.903","1000.5","1","CAM_FRONT_LEFT","F_other","3.82"
"de7d80a1f5fb4c3e82ce8a4f213b450a","95c0a92d52584756832ec795d346e296","prediction","which_query","Which object is most likely to be occluded by the vehicle in front-left camera? Would this object affect the ego vehicle? Based on this object, what action of the ego vehicle is dangerous?","None, no, none.","There is a person walking on the sidewalk. The person is most likely to be occluded by the vehicle in front-left camera.","0.0","0.0","0.8235","4257.1","1","CAM_FRONT_LEFT","A_hallucination","3.82"
"de7d80a1f5fb4c3e82ce8a4f213b450a","95c0a92d52584756832ec795d346e296","prediction","other_question_type","Would the vehicle in front-left camera be in the moving direction of the ego vehicle?","Yes.","No.","0.0","0.0","0.9945","667.4","1","CAM_FRONT_LEFT","F_other","3.82"
"de7d80a1f5fb4c3e82ce8a4f213b450a","95c0a92d52584756832ec795d346e296","prediction","what_query","What is the future state of the vehicle in front-left camera?","Keep going straight.","Moving","0.0","0.0","0.8638","657.6","1","CAM_FRONT_LEFT","D_incomplete","3.82"
"de7d80a1f5fb4c3e82ce8a4f213b450a","95c0a92d52584756832ec795d346e296","prediction","yes_no","Is the object in front-right camera a traffic sign or a road barrier?","No.","There are two traffic signs to the right.","0.0","0.0","0.8985","958.8","1","CAM_FRONT_RIGHT","F_other","3.82"
"de7d80a1f5fb4c3e82ce8a4f213b450a","95c0a92d52584756832ec795d346e296","prediction","which_query","Which object is most likely to be occluded by the pedestrian in front-right camera? Would this object affect the ego vehicle? Based on this object, what action of the ego vehicle is dangerous?","None, no, none.","There is a person walking in front of the ego vehicle. The pedestrian is most likely to be occluded by the person in front-right camera. This would affect the ego vehicle's decision-making process, as the vehicle would need to navigate around the pedestrian safely. The ego vehicle is moving.","0.0","0.0","0.8157","3781.1","1","CAM_FRONT_RIGHT","A_hallucination","3.82"
"de7d80a1f5fb4c3e82ce8a4f213b450a","95c0a92d52584756832ec795d346e296","prediction","other_question_type","Would the pedestrian in front-right camera be in the moving direction of the ego vehicle?","No.","No.","1.0","1.0","1.0","680.1","1","CAM_FRONT_RIGHT","","3.82"
"de7d80a1f5fb4c3e82ce8a4f213b450a","95c0a92d52584756832ec795d346e296","prediction","what_query","What is the future state of the pedestrian in front-right camera?","Keep going straight.","The pedestrian is walking across the street.","0.0","0.0","0.8762","1063.5","1","CAM_FRONT_RIGHT","F_other","3.82"
"de7d80a1f5fb4c3e82ce8a4f213b450a","95c0a92d52584756832ec795d346e296","prediction","what_query","What object should the ego vehicle notice first when the ego vehicle is getting to the next possible location? What is the state of the object that is first noticed by the ego vehicle and what action should the ego vehicle take? What object should the ego vehicle notice second when the ego vehicle is getting to the next possible location? What is the state of the object perceived by the ego vehicle as second and what action should the ego vehicle take? What object should the ego vehicle notice third? What is the state of the object perceived by the ego vehicle as third and what action should the ego vehicle take?","Firstly, notice that the vehicle in front-left camera. The object is going ahead, so the ego vehicle should slow down and continue going ahead. Secondly, notice that the pedestrian in front-right camera. The object is going ahead, so the ego vehicle should continue going ahead at the same speed. Thirdly, notice that the vehicle in front camera. The object is going ahead, so the ego vehicle should continue going ahead at the same speed.","There are 3 cars to the right. The ego vehicle should notice the car in front first when getting to the next possible location.","0.22","0.0","0.8433","5755.7","3","CAM_FRONT_LEFT; CAM_FRONT_RIGHT; CAM_FRONT","C_wrong_camera","3.82"
"de7d80a1f5fb4c3e82ce8a4f213b450a","95c0a92d52584756832ec795d346e296","prediction","yes_no","Are the object in front-right camera and the object in front-left camera traffic signs?","Neither are traffic signs.","No.","0.0","0.0","0.9006","1018.0","2","CAM_FRONT_RIGHT; CAM_FRONT_LEFT","D_incomplete","3.82"
"de7d80a1f5fb4c3e82ce8a4f213b450a","95c0a92d52584756832ec795d346e296","prediction","future_state","Will the pedestrian in front-right camera be in the moving direction of the vehicle in front-left camera?","No.","No.","1.0","1.0","1.0","1031.5","2","CAM_FRONT_RIGHT; CAM_FRONT_LEFT","","3.82"
"de7d80a1f5fb4c3e82ce8a4f213b450a","95c0a92d52584756832ec795d346e296","prediction","future_state","Will the pedestrian in front-right camera change its motion state based on the vehicle in front-left camera?","No.","No.","1.0","1.0","1.0","1029.3","2","CAM_FRONT_RIGHT; CAM_FRONT_LEFT","","3.82"
"de7d80a1f5fb4c3e82ce8a4f213b450a","95c0a92d52584756832ec795d346e296","prediction","other_question_type","Based on the observations of the vehicle in front-left camera, what are possible actions to be taken by the pedestrian in front-right camera? What is the reason?","The action is to keep going at the same speed; the reason is that there are no safety issues.","The pedestrian should wait for the vehicle to pass or stop before crossing the street. The reason is that the vehicle is in motion and may not have seen the pedestrian yet.","0.2745","0.0","0.873","3862.6","2","CAM_FRONT_LEFT; CAM_FRONT_RIGHT","F_other","3.82"
"de7d80a1f5fb4c3e82ce8a4f213b450a","95c0a92d52584756832ec795d346e296","prediction","what_query","What object would consider the pedestrian in front-right camera to be most relevant to its decision?","The ego vehicle.","The pedestrian in front-right camera.","0.2222","0.0","0.8625","1048.4","1","CAM_FRONT_RIGHT","F_other","3.82"
"de7d80a1f5fb4c3e82ce8a4f213b450a","95c0a92d52584756832ec795d346e296","prediction","other_question_type","Except for the ego vehicle, what object would consider the pedestrian in front-right camera to be most relevant to its decision?","the vehicle in front camera.","None.","0.0","0.0","0.8867","1002.3","2","CAM_FRONT_RIGHT; CAM_FRONT","D_incomplete","3.82"
"de7d80a1f5fb4c3e82ce8a4f213b450a","95c0a92d52584756832ec795d346e296","prediction","what_query","What object would consider the vehicle in front-left camera to be most relevant to its decision?","The ego vehicle.","The ego vehicle.","1.0","1.0","1.0","807.7","1","CAM_FRONT_LEFT","","3.82"
"de7d80a1f5fb4c3e82ce8a4f213b450a","95c0a92d52584756832ec795d346e296","prediction","other_question_type","Except for the ego vehicle, what object would consider the vehicle in front-left camera to be most relevant to its decision?","None.","None.","1.0","1.0","1.0","678.2","1","CAM_FRONT_LEFT","","3.82"
"de7d80a1f5fb4c3e82ce8a4f213b450a","95c0a92d52584756832ec795d346e296","prediction","yes_no","Are the object in front camera and the object in front-right camera traffic signs?","Neither is a traffic sign.","No.","0.0","0.0","0.8958","1019.4","2","CAM_FRONT; CAM_FRONT_RIGHT","D_incomplete","3.82"
"de7d80a1f5fb4c3e82ce8a4f213b450a","95c0a92d52584756832ec795d346e296","prediction","future_state","Will the vehicle in front camera be in the moving direction of the pedestrian in front-right camera?","No.","No.","1.0","1.0","1.0","1012.7","2","CAM_FRONT; CAM_FRONT_RIGHT","","3.82"
"de7d80a1f5fb4c3e82ce8a4f213b450a","95c0a92d52584756832ec795d346e296","prediction","future_state","Will the vehicle in front camera change its motion state based on the pedestrian in front-right camera?","Yes.","No.","0.0","0.0","0.9945","1004.2","2","CAM_FRONT; CAM_FRONT_RIGHT","F_other","3.82"
"de7d80a1f5fb4c3e82ce8a4f213b450a","95c0a92d52584756832ec795d346e296","prediction","other_question_type","Based on the observations of the pedestrian in front-right camera, what are possible actions to be taken by the vehicle in front camera? What is the reason?","The action is to brake gently to a stop, the reason is to avoid a collision.","The pedestrian is walking on the sidewalk. The vehicle should be cautious and maintain a safe distance from the pedestrian to avoid any accidents. The reason is to ensure the safety of the pedestrian and comply with traffic rules.","0.2545","0.0","0.8801","3346.6","2","CAM_FRONT_RIGHT; CAM_FRONT","F_other","3.82"
"de7d80a1f5fb4c3e82ce8a4f213b450a","95c0a92d52584756832ec795d346e296","prediction","what_query","What object would consider the vehicle in front camera to be most relevant to its decision?","The ego vehicle.","The ego vehicle.","1.0","1.0","1.0","810.3","1","CAM_FRONT","","3.82"
"de7d80a1f5fb4c3e82ce8a4f213b450a","95c0a92d52584756832ec795d346e296","prediction","other_question_type","Except for the ego vehicle, what object would consider the vehicle in front camera to be most relevant to its decision?","the pedestrian in front-right camera.","None.","0.0","0.0","0.8804","994.9","2","CAM_FRONT; CAM_FRONT_RIGHT","D_incomplete","3.82"
"de7d80a1f5fb4c3e82ce8a4f213b450a","95c0a92d52584756832ec795d346e296","prediction","what_query","What object would consider the pedestrian in front-right camera to be most relevant to its decision?","The ego vehicle.","The pedestrian in front-right camera.","0.2222","0.0","0.8625","1028.1","1","CAM_FRONT_RIGHT","F_other","3.82"
"de7d80a1f5fb4c3e82ce8a4f213b450a","95c0a92d52584756832ec795d346e296","prediction","other_question_type","Except for the ego vehicle, what object would consider the pedestrian in front-right camera to be most relevant to its decision?","the vehicle in front camera.","None.","0.0","0.0","0.8867","1001.9","2","CAM_FRONT_RIGHT; CAM_FRONT","D_incomplete","3.82"
"de7d80a1f5fb4c3e82ce8a4f213b450a","95c0a92d52584756832ec795d346e296","planning","yes_no","Is the vehicle in front camera an object that the ego vehicle should consider in the current scene?","Yes.","Yes.","1.0","1.0","1.0","2746.3","6","CAM_FRONT; CAM_FRONT_LEFT; CAM_FRONT_RIGHT; CAM_BACK; CAM_BACK_LEFT; CAM_BACK_RIGHT","","3.82"
"de7d80a1f5fb4c3e82ce8a4f213b450a","95c0a92d52584756832ec795d346e296","planning","what_query","What actions could the ego vehicle take based on the vehicle in front camera? Why take this action and what's the probability?","The action is to keep going at the same speed. The reason is to avoid a collision, which is high probability.","Low.","0.0","0.0","0.8753","4834.1","6","CAM_FRONT; CAM_FRONT_LEFT; CAM_FRONT_RIGHT; CAM_BACK; CAM_BACK_LEFT; CAM_BACK_RIGHT","D_incomplete","3.82"
"de7d80a1f5fb4c3e82ce8a4f213b450a","95c0a92d52584756832ec795d346e296","planning","what_query","What is the probability of colliding with the vehicle in front camera after the ego vehicle goes straight and keeps the same speed?","Low.","Low.","1.0","1.0","1.0","2734.5","6","CAM_FRONT; CAM_FRONT_LEFT; CAM_FRONT_RIGHT; CAM_BACK; CAM_BACK_LEFT; CAM_BACK_RIGHT","","3.82"
"de7d80a1f5fb4c3e82ce8a4f213b450a","95c0a92d52584756832ec795d346e296","planning","what_query","What actions taken by the ego vehicle can lead to a collision with the vehicle in front camera?","Accelerating and going straight.","Accelerate and go straight actions taken by the ego vehicle can lead to a collision with the vehicle in front camera.","0.32","0.0","0.8764","4441.4","6","CAM_FRONT; CAM_FRONT_LEFT; CAM_FRONT_RIGHT; CAM_BACK; CAM_BACK_LEFT; CAM_BACK_RIGHT","","3.82"
"de7d80a1f5fb4c3e82ce8a4f213b450a","95c0a92d52584756832ec795d346e296","planning","yes_no","Is the vehicle in back camera an object that the ego vehicle should consider in the current scene?","No.","Yes.","0.0","0.0","0.9945","2760.2","6","CAM_FRONT; CAM_FRONT_LEFT; CAM_FRONT_RIGHT; CAM_BACK; CAM_BACK_LEFT; CAM_BACK_RIGHT","E_planning_error","3.82"
"de7d80a1f5fb4c3e82ce8a4f213b450a","95c0a92d52584756832ec795d346e296","planning","what_query","What actions could the ego vehicle take based on the vehicle in back camera? Why take this action and what's the probability?","The action is to keep going at the same speed, the reason is to avoid a collision, high.","High.","0.1053","0.0","0.8799","4926.5","6","CAM_FRONT; CAM_FRONT_LEFT; CAM_FRONT_RIGHT; CAM_BACK; CAM_BACK_LEFT; CAM_BACK_RIGHT","D_incomplete","3.82"
"de7d80a1f5fb4c3e82ce8a4f213b450a","95c0a92d52584756832ec795d346e296","planning","what_query","What is the probability of colliding with the vehicle in back camera after the ego vehicle goes straight and keeps the same speed?","Low.","Low.","1.0","1.0","1.0","2709.8","6","CAM_FRONT; CAM_FRONT_LEFT; CAM_FRONT_RIGHT; CAM_BACK; CAM_BACK_LEFT; CAM_BACK_RIGHT","","3.82"
"de7d80a1f5fb4c3e82ce8a4f213b450a","95c0a92d52584756832ec795d346e296","planning","yes_no","Is the vehicle in front-left camera an object that the ego vehicle should consider in the current scene?","Yes.","Yes.","1.0","1.0","1.0","2746.2","6","CAM_FRONT; CAM_FRONT_LEFT; CAM_FRONT_RIGHT; CAM_BACK; CAM_BACK_LEFT; CAM_BACK_RIGHT","","3.82"
"de7d80a1f5fb4c3e82ce8a4f213b450a","95c0a92d52584756832ec795d346e296","planning","what_query","What actions could the ego vehicle take based on the vehicle in front-left camera? Why take this action and what's the probability?","The action is to keep going at the same speed. The reason is to maintain a safe distance, which is high.","High.","0.0909","0.0","0.8715","4471.9","6","CAM_FRONT; CAM_FRONT_LEFT; CAM_FRONT_RIGHT; CAM_BACK; CAM_BACK_LEFT; CAM_BACK_RIGHT","D_incomplete","3.82"
"de7d80a1f5fb4c3e82ce8a4f213b450a","95c0a92d52584756832ec795d346e296","planning","what_query","What is the probability of colliding with the vehicle in front-left camera after the ego vehicle goes straight and keeps the same speed?","Low.","Low.","1.0","1.0","1.0","2744.2","6","CAM_FRONT; CAM_FRONT_LEFT; CAM_FRONT_RIGHT; CAM_BACK; CAM_BACK_LEFT; CAM_BACK_RIGHT","","3.82"
"de7d80a1f5fb4c3e82ce8a4f213b450a","95c0a92d52584756832ec795d346e296","planning","what_query","What actions taken by the ego vehicle can lead to a collision with the vehicle in front-left camera?","Slight left turn.","Accelerate and go straight actions taken by the ego vehicle can lead to a collision with the vehicle in front-left camera.","0.08","0.0","0.8489","4271.5","6","CAM_FRONT; CAM_FRONT_LEFT; CAM_FRONT_RIGHT; CAM_BACK; CAM_BACK_LEFT; CAM_BACK_RIGHT","A_hallucination","3.82"
"de7d80a1f5fb4c3e82ce8a4f213b450a","95c0a92d52584756832ec795d346e296","planning","yes_no","Is the pedestrian in front-right camera an object that the ego vehicle should consider in the current scene?","Yes.","Yes.","1.0","1.0","1.0","2789.4","6","CAM_FRONT; CAM_FRONT_LEFT; CAM_FRONT_RIGHT; CAM_BACK; CAM_BACK_LEFT; CAM_BACK_RIGHT","","3.82"
"de7d80a1f5fb4c3e82ce8a4f213b450a","95c0a92d52584756832ec795d346e296","planning","what_query","What actions could the ego vehicle take based on the pedestrian in front-right camera? Why take this action and what's the probability?","The action is to keep going at the same speed. The reason is to avoid a collision, which has a high probability.","Low.","0.0","0.0","0.873","5696.2","6","CAM_FRONT; CAM_FRONT_LEFT; CAM_FRONT_RIGHT; CAM_BACK; CAM_BACK_LEFT; CAM_BACK_RIGHT","D_incomplete","3.82"
"de7d80a1f5fb4c3e82ce8a4f213b450a","95c0a92d52584756832ec795d346e296","planning","what_query","What is the probability of colliding with the pedestrian in front-right camera after the ego vehicle goes straight and keeps the same speed?","Low.","Low.","1.0","1.0","1.0","2766.6","6","CAM_FRONT; CAM_FRONT_LEFT; CAM_FRONT_RIGHT; CAM_BACK; CAM_BACK_LEFT; CAM_BACK_RIGHT","","3.82"
"de7d80a1f5fb4c3e82ce8a4f213b450a","95c0a92d52584756832ec795d346e296","planning","what_query","What actions taken by the ego vehicle can lead to a collision with the pedestrian in front-right camera?","Moderate right turn.","The ego vehicle is accelerating and going straight, which can lead to a collision with the pedestrian in front-right camera.","0.0833","0.0","0.8546","4252.7","6","CAM_FRONT; CAM_FRONT_LEFT; CAM_FRONT_RIGHT; CAM_BACK; CAM_BACK_LEFT; CAM_BACK_RIGHT","A_hallucination","3.82"
"de7d80a1f5fb4c3e82ce8a4f213b450a","95c0a92d52584756832ec795d346e296","planning","what_query","What is the traffic signal that the ego vehicle should pay attention to?","None.","The traffic signal that the ego vehicle should pay attention to is the one in front of the vehicle.","0.0","0.0","0.8745","3591.4","6","CAM_FRONT; CAM_FRONT_LEFT; CAM_FRONT_RIGHT; CAM_BACK; CAM_BACK_LEFT; CAM_BACK_RIGHT","A_hallucination","3.82"
"de7d80a1f5fb4c3e82ce8a4f213b450a","95c0a92d52584756832ec795d346e296","planning","what_query","What is the target action of the ego vehicle?","Turn left.","The target action of the ego vehicle is to keep going at the same speed.","0.0","0.0","0.8602","3522.8","6","CAM_FRONT; CAM_FRONT_LEFT; CAM_FRONT_RIGHT; CAM_BACK; CAM_BACK_LEFT; CAM_BACK_RIGHT","E_planning_error","3.82"
"de7d80a1f5fb4c3e82ce8a4f213b450a","95c0a92d52584756832ec795d346e296","planning","other_question_type","In this scenario, what are safe actions to take for the ego vehicle?","Decelerate gradually without braking.","In this scenario, the ego vehicle should maintain a safe distance from the vehicle in front camera. This can be achieved by accelerating and going straight.","0.0","0.0","0.855","5348.0","6","CAM_FRONT; CAM_FRONT_LEFT; CAM_FRONT_RIGHT; CAM_BACK; CAM_BACK_LEFT; CAM_BACK_RIGHT","A_hallucination","3.82"
"de7d80a1f5fb4c3e82ce8a4f213b450a","95c0a92d52584756832ec795d346e296","planning","other_question_type","In this scenario, what are dangerous actions to take for the ego vehicle?","Accelerate and go ahead, brake suddenly.","In this scenario, the ego vehicle should avoid accelerating and going straight, as these actions can lead to a collision with the vehicle in front camera. Instead, the vehicle should maintain a safe distance and keep going at the same speed.","0.1277","0.0","0.8417","5467.3","6","CAM_FRONT; CAM_FRONT_LEFT; CAM_FRONT_RIGHT; CAM_BACK; CAM_BACK_LEFT; CAM_BACK_RIGHT","A_hallucination","3.82"
"de7d80a1f5fb4c3e82ce8a4f213b450a","95c0a92d52584756832ec795d346e296","planning","what_query","What is the priority of the objects that the ego vehicle should consider?(in descending order)","The priority of the objects that the ego vehicle should consider (in descending order) is the vehicle in front-left camera, the pedestrian in front-right camera, the vehicle in front camera, the vehicle in back camera.","There are 5 vehicles to the right.","0.1364","0.0","0.8504","3585.3","6","CAM_FRONT; CAM_FRONT_LEFT; CAM_FRONT_RIGHT; CAM_BACK; CAM_BACK_LEFT; CAM_BACK_RIGHT","C_wrong_camera","3.82"
"de7d80a1f5fb4c3e82ce8a4f213b450a","95c0a92d52584756832ec795d346e296","planning","what_query","What actions taken by the ego vehicle can lead to a collision with the vehicle in back camera?","Reversing to the left rear can lead to a collision with the vehicle in back camera.","The ego vehicle is accelerating and going straight.","0.1667","0.0","0.8522","3686.8","6","CAM_FRONT; CAM_FRONT_LEFT; CAM_FRONT_RIGHT; CAM_BACK; CAM_BACK_LEFT; CAM_BACK_RIGHT","E_planning_error","3.82"
"de7d80a1f5fb4c3e82ce8a4f213b450a","95c0a92d52584756832ec795d346e296","planning","what_query","What's your comment on this scene?","The lighting in this scene will affect the driver's ability to drive.","The scene shows a busy street with multiple vehicles, including cars and a bus. There are several people walking around, and some are carrying handbags.","0.1053","0.0","0.8635","6443.5","6","CAM_FRONT; CAM_FRONT_LEFT; CAM_FRONT_RIGHT; CAM_BACK; CAM_BACK_LEFT; CAM_BACK_RIGHT","A_hallucination","3.82"
"de7d80a1f5fb4c3e82ce8a4f213b450a","95c0a92d52584756832ec795d346e296","behavior","ego_behavior_prediction","Predict the behavior of the ego vehicle.","The ego vehicle is steering to the left. The ego vehicle is driving with normal speed.","The ego vehicle is going straight. The ego vehicle is driving fast.","0.6429","0.0","0.9464","3489.2","6","CAM_FRONT; CAM_FRONT_LEFT; CAM_FRONT_RIGHT; CAM_BACK; CAM_BACK_LEFT; CAM_BACK_RIGHT","","3.82"
"de7d80a1f5fb4c3e82ce8a4f213b450a","f65ffdc408fb4a0c8ef0d1614b47dce8","perception","object_enumeration","What are objects to the back right of the ego car?","There are many pedestrians, one bicycle, three cars, and one bus to the back right of the ego car.","There are two cars behind the ego car.","0.4444","0.0","0.9117","3086.8","6","CAM_FRONT; CAM_FRONT_LEFT; CAM_FRONT_RIGHT; CAM_BACK; CAM_BACK_LEFT; CAM_BACK_RIGHT","","3.82"
"de7d80a1f5fb4c3e82ce8a4f213b450a","f65ffdc408fb4a0c8ef0d1614b47dce8","perception","status_query","What is the status of the pedestrians that are to the back right of the ego car?","Three of the pedestrians are standing, and many are moving.","There are many pedestrians and two cars behind the ego car.","0.1905","0.0","0.8866","3412.6","6","CAM_FRONT; CAM_FRONT_LEFT; CAM_FRONT_RIGHT; CAM_BACK; CAM_BACK_LEFT; CAM_BACK_RIGHT","F_other","3.82"
"de7d80a1f5fb4c3e82ce8a4f213b450a","f65ffdc408fb4a0c8ef0d1614b47dce8","perception","object_enumeration","What are objects to the front of the ego car?","There are many cars, many pedestrians, and one bicycle in front of the ego car.","There are two cars and many pedestrians in front of the ego car.","0.7857","0.0","0.952","3519.0","6","CAM_FRONT; CAM_FRONT_LEFT; CAM_FRONT_RIGHT; CAM_BACK; CAM_BACK_LEFT; CAM_BACK_RIGHT","","3.82"
"de7d80a1f5fb4c3e82ce8a4f213b450a","f65ffdc408fb4a0c8ef0d1614b47dce8","perception","status_query","What is the status of the cars that are to the front of the ego car?","Many cars are parked in front of the ego car.","There are two cars in front of the ego car.","0.7","0.0","0.9532","3239.3","6","CAM_FRONT; CAM_FRONT_LEFT; CAM_FRONT_RIGHT; CAM_BACK; CAM_BACK_LEFT; CAM_BACK_RIGHT","","3.82"
"de7d80a1f5fb4c3e82ce8a4f213b450a","f65ffdc408fb4a0c8ef0d1614b47dce8","perception","object_enumeration","What are objects to the front left of the ego car?","There are many cars and one pedestrian to the front left of the ego car.","There are two cars and many pedestrians to the front left of the ego car.","0.8667","0.0","0.9767","3609.9","6","CAM_FRONT; CAM_FRONT_LEFT; CAM_FRONT_RIGHT; CAM_BACK; CAM_BACK_LEFT; CAM_BACK_RIGHT","","3.82"
"de7d80a1f5fb4c3e82ce8a4f213b450a","f65ffdc408fb4a0c8ef0d1614b47dce8","perception","status_query","What is the status of the cars that are to the front left of the ego car?","Many cars are parked, and one is moving.","There are two cars behind the ego car.","0.125","0.0","0.8964","3117.6","6","CAM_FRONT; CAM_FRONT_LEFT; CAM_FRONT_RIGHT; CAM_BACK; CAM_BACK_LEFT; CAM_BACK_RIGHT","F_other","3.82"
"de7d80a1f5fb4c3e82ce8a4f213b450a","f65ffdc408fb4a0c8ef0d1614b47dce8","perception","object_enumeration","What are objects to the front right of the ego car?","There are many pedestrians and one car to the front right of the ego car.","There are two cars and many pedestrians to the front right of the ego car.","0.8","0.0","0.9719","3562.9","6","CAM_FRONT; CAM_FRONT_LEFT; CAM_FRONT_RIGHT; CAM_BACK; CAM_BACK_LEFT; CAM_BACK_RIGHT","","3.82"
"de7d80a1f5fb4c3e82ce8a4f213b450a","f65ffdc408fb4a0c8ef0d1614b47dce8","perception","status_query","What is the status of the pedestrians that are to the front right of the ego car?","Many pedestrians are moving.","There are many pedestrians and two cars behind the ego car.","0.2667","0.0","0.8955","3352.4","6","CAM_FRONT; CAM_FRONT_LEFT; CAM_FRONT_RIGHT; CAM_BACK; CAM_BACK_LEFT; CAM_BACK_RIGHT","F_other","3.82"
"de7d80a1f5fb4c3e82ce8a4f213b450a","f65ffdc408fb4a0c8ef0d1614b47dce8","perception","status_query","What is the status of the bicycle that is to the back right of the ego car?","One bicycle is without a rider.","Moving.","0.0","0.0","0.8764","2730.9","6","CAM_FRONT; CAM_FRONT_LEFT; CAM_FRONT_RIGHT; CAM_BACK; CAM_BACK_LEFT; CAM_BACK_RIGHT","D_incomplete","3.82"
"de7d80a1f5fb4c3e82ce8a4f213b450a","f65ffdc408fb4a0c8ef0d1614b47dce8","perception","object_enumeration","What are objects to the back of the ego car?","There is one car, one pedestrian, and one bicycle behind the ego car.","There are many pedestrians and two cars behind the ego car.","0.5833","0.0","0.9372","3400.9","6","CAM_FRONT; CAM_FRONT_LEFT; CAM_FRONT_RIGHT; CAM_BACK; CAM_BACK_LEFT; CAM_BACK_RIGHT","","3.82"
"de7d80a1f5fb4c3e82ce8a4f213b450a","f65ffdc408fb4a0c8ef0d1614b47dce8","perception","status_query","What is the status of the car that is to the back of the ego car?","One car is moving.","Moving.","0.4","0.0","0.901","2737.2","6","CAM_FRONT; CAM_FRONT_LEFT; CAM_FRONT_RIGHT; CAM_BACK; CAM_BACK_LEFT; CAM_BACK_RIGHT","","3.82"
"de7d80a1f5fb4c3e82ce8a4f213b450a","f65ffdc408fb4a0c8ef0d1614b47dce8","perception","status_query","What is the status of the cars that are to the back right of the ego car?","Three cars are parked.","Moving.","0.0","0.0","0.8952","2729.7","6","CAM_FRONT; CAM_FRONT_LEFT; CAM_FRONT_RIGHT; CAM_BACK; CAM_BACK_LEFT; CAM_BACK_RIGHT","B_wrong_status","3.82"
"de7d80a1f5fb4c3e82ce8a4f213b450a","f65ffdc408fb4a0c8ef0d1614b47dce8","perception","status_query","What is the status of the pedestrians that are to the front of the ego car?","Many pedestrians are moving, and one is standing.","There are many pedestrians and two cars in front of the ego car.","0.2857","0.0","0.8881","3501.0","6","CAM_FRONT; CAM_FRONT_LEFT; CAM_FRONT_RIGHT; CAM_BACK; CAM_BACK_LEFT; CAM_BACK_RIGHT","F_other","3.82"
"de7d80a1f5fb4c3e82ce8a4f213b450a","f65ffdc408fb4a0c8ef0d1614b47dce8","perception","status_query","What is the status of the bus that is to the back right of the ego car?","One bus is moving.","Moving.","0.4","0.0","0.9015","2752.6","6","CAM_FRONT; CAM_FRONT_LEFT; CAM_FRONT_RIGHT; CAM_BACK; CAM_BACK_LEFT; CAM_BACK_RIGHT","","3.82"
"de7d80a1f5fb4c3e82ce8a4f213b450a","f65ffdc408fb4a0c8ef0d1614b47dce8","perception","status_query","What is the status of the car that is to the front right of the ego car?","One car is moving.","Moving.","0.4","0.0","0.901","2759.1","6","CAM_FRONT; CAM_FRONT_LEFT; CAM_FRONT_RIGHT; CAM_BACK; CAM_BACK_LEFT; CAM_BACK_RIGHT","","3.82"
"de7d80a1f5fb4c3e82ce8a4f213b450a","f65ffdc408fb4a0c8ef0d1614b47dce8","perception","status_query","What is the status of the pedestrian that is to the front left of the ego car?","The pedestrian to the front left of the ego car is moving.","Moving.","0.1538","0.0","0.8744","2680.2","6","CAM_FRONT; CAM_FRONT_LEFT; CAM_FRONT_RIGHT; CAM_BACK; CAM_BACK_LEFT; CAM_BACK_RIGHT","D_incomplete","3.82"
"de7d80a1f5fb4c3e82ce8a4f213b450a","f65ffdc408fb4a0c8ef0d1614b47dce8","perception","status_query","What is the status of the pedestrian that is to the back of the ego car?","The pedestrian to the back of the ego car is moving.","There are many pedestrians and two cars behind the ego car.","0.3636","0.0","0.9169","3403.9","6","CAM_FRONT; CAM_FRONT_LEFT; CAM_FRONT_RIGHT; CAM_BACK; CAM_BACK_LEFT; CAM_BACK_RIGHT","","3.82"
"de7d80a1f5fb4c3e82ce8a4f213b450a","f65ffdc408fb4a0c8ef0d1614b47dce8","perception","status_query","What is the status of the bicycle that is to the back of the ego car?","One bicycle is without a rider.","There is a bicycle behind the ego car.","0.2857","0.0","0.8689","3209.2","6","CAM_FRONT; CAM_FRONT_LEFT; CAM_FRONT_RIGHT; CAM_BACK; CAM_BACK_LEFT; CAM_BACK_RIGHT","F_other","3.82"
"de7d80a1f5fb4c3e82ce8a4f213b450a","f65ffdc408fb4a0c8ef0d1614b47dce8","perception","status_query","What is the status of the bicycle that is to the front of the ego car?","One bicycle is without a rider.","There is a bicycle to the front of the ego car.","0.2353","0.0","0.8689","3344.0","6","CAM_FRONT; CAM_FRONT_LEFT; CAM_FRONT_RIGHT; CAM_BACK; CAM_BACK_LEFT; CAM_BACK_RIGHT","F_other","3.82"
"de7d80a1f5fb4c3e82ce8a4f213b450a","f65ffdc408fb4a0c8ef0d1614b47dce8","perception","yes_no","Are there traffic cones to the front of the ego car?","No.","No.","1.0","1.0","1.0","2570.8","6","CAM_FRONT; CAM_FRONT_LEFT; CAM_FRONT_RIGHT; CAM_BACK; CAM_BACK_LEFT; CAM_BACK_RIGHT","","3.82"
"de7d80a1f5fb4c3e82ce8a4f213b450a","f65ffdc408fb4a0c8ef0d1614b47dce8","perception","yes_no","Are there bicycles without riders to the back of the ego car?","Yes.","No.","0.0","0.0","0.9945","2555.8","6","CAM_FRONT; CAM_FRONT_LEFT; CAM_FRONT_RIGHT; CAM_BACK; CAM_BACK_LEFT; CAM_BACK_RIGHT","F_other","3.82"
"de7d80a1f5fb4c3e82ce8a4f213b450a","f65ffdc408fb4a0c8ef0d1614b47dce8","perception","yes_no","Are there traffic cones to the front left of the ego car?","No.","No.","1.0","1.0","1.0","2569.8","6","CAM_FRONT; CAM_FRONT_LEFT; CAM_FRONT_RIGHT; CAM_BACK; CAM_BACK_LEFT; CAM_BACK_RIGHT","","3.82"
"de7d80a1f5fb4c3e82ce8a4f213b450a","f65ffdc408fb4a0c8ef0d1614b47dce8","perception","yes_no","Are there motorcycles with riders to the back of the ego car?","No.","No.","1.0","1.0","1.0","2592.3","6","CAM_FRONT; CAM_FRONT_LEFT; CAM_FRONT_RIGHT; CAM_BACK; CAM_BACK_LEFT; CAM_BACK_RIGHT","","3.82"
"de7d80a1f5fb4c3e82ce8a4f213b450a","f65ffdc408fb4a0c8ef0d1614b47dce8","perception","yes_no","Are there moving pedestrians to the front right of the ego car?","Yes.","Yes.","1.0","1.0","1.0","2572.5","6","CAM_FRONT; CAM_FRONT_LEFT; CAM_FRONT_RIGHT; CAM_BACK; CAM_BACK_LEFT; CAM_BACK_RIGHT","","3.82"
"de7d80a1f5fb4c3e82ce8a4f213b450a","f65ffdc408fb4a0c8ef0d1614b47dce8","perception","yes_no","Are there parked cars to the back right of the ego car?","Yes.","Yes.","1.0","1.0","1.0","2582.2","6","CAM_FRONT; CAM_FRONT_LEFT; CAM_FRONT_RIGHT; CAM_BACK; CAM_BACK_LEFT; CAM_BACK_RIGHT","","3.82"
"de7d80a1f5fb4c3e82ce8a4f213b450a","f65ffdc408fb4a0c8ef0d1614b47dce8","perception","yes_no","Are there moving pedestrians to the front of the ego car?","Yes.","Yes.","1.0","1.0","1.0","2543.5","6","CAM_FRONT; CAM_FRONT_LEFT; CAM_FRONT_RIGHT; CAM_BACK; CAM_BACK_LEFT; CAM_BACK_RIGHT","","3.82"
"de7d80a1f5fb4c3e82ce8a4f213b450a","f65ffdc408fb4a0c8ef0d1614b47dce8","perception","yes_no","Are there bicycles without riders to the front of the ego car?","Yes.","No.","0.0","0.0","0.9945","2534.2","6","CAM_FRONT; CAM_FRONT_LEFT; CAM_FRONT_RIGHT; CAM_BACK; CAM_BACK_LEFT; CAM_BACK_RIGHT","F_other","3.82"
"de7d80a1f5fb4c3e82ce8a4f213b450a","f65ffdc408fb4a0c8ef0d1614b47dce8","perception","yes_no","Are there parked cars to the front left of the ego car?","Yes.","Yes.","1.0","1.0","1.0","2538.3","6","CAM_FRONT; CAM_FRONT_LEFT; CAM_FRONT_RIGHT; CAM_BACK; CAM_BACK_LEFT; CAM_BACK_RIGHT","","3.82"
"de7d80a1f5fb4c3e82ce8a4f213b450a","f65ffdc408fb4a0c8ef0d1614b47dce8","perception","yes_no","Are there parked cars to the front of the ego car?","Yes.","Yes.","1.0","1.0","1.0","2546.6","6","CAM_FRONT; CAM_FRONT_LEFT; CAM_FRONT_RIGHT; CAM_BACK; CAM_BACK_LEFT; CAM_BACK_RIGHT","","3.82"
"de7d80a1f5fb4c3e82ce8a4f213b450a","f65ffdc408fb4a0c8ef0d1614b47dce8","perception","yes_no","Are there moving pedestrians to the back right of the ego car?","Yes.","Yes.","1.0","1.0","1.0","2358.7","6","CAM_FRONT; CAM_FRONT_LEFT; CAM_FRONT_RIGHT; CAM_BACK; CAM_BACK_LEFT; CAM_BACK_RIGHT","","3.82"
"de7d80a1f5fb4c3e82ce8a4f213b450a","f65ffdc408fb4a0c8ef0d1614b47dce8","perception","yes_no","Are there moving buses to the back right of the ego car?","Yes.","Yes.","1.0","1.0","1.0","2579.0","6","CAM_FRONT; CAM_FRONT_LEFT; CAM_FRONT_RIGHT; CAM_BACK; CAM_BACK_LEFT; CAM_BACK_RIGHT","","3.82"
"de7d80a1f5fb4c3e82ce8a4f213b450a","f65ffdc408fb4a0c8ef0d1614b47dce8","perception","yes_no","Are there standing pedestrians to the back right of the ego car?","Yes.","Yes.","1.0","1.0","1.0","2341.4","6","CAM_FRONT; CAM_FRONT_LEFT; CAM_FRONT_RIGHT; CAM_BACK; CAM_BACK_LEFT; CAM_BACK_RIGHT","","3.82"
"de7d80a1f5fb4c3e82ce8a4f213b450a","f65ffdc408fb4a0c8ef0d1614b47dce8","perception","other_question_type","Please describe the current scene.","There is one moving car to the front left of the ego car, one moving car behind the ego car, two parked cars in front of the ego car, many moving pedestrians in front of the ego car, and one moving pedestrian behind the ego car.","The scene is a busy street at night, with a car driving down the road. There are multiple pedestrians walking around, and two cars are visible behind the ego car.","0.2368","0.0","0.874","5608.2","6","CAM_FRONT; CAM_FRONT_LEFT; CAM_FRONT_RIGHT; CAM_BACK; CAM_BACK_LEFT; CAM_BACK_RIGHT","B_wrong_status","3.82"
"de7d80a1f5fb4c3e82ce8a4f213b450a","f65ffdc408fb4a0c8ef0d1614b47dce8","perception","what_query","What is the relative positioning of the important objects in the current scene?","the vehicle in front-left camera is in front of the vehicle in back camera, the pedestrian in front camera is in front of the vehicle in back camera, the pedestrian in back camera is on the front left of the vehicle in back camera, the pedestrian in front camera is on the front right of the vehicle in front-left camera, the pedestrian in back camera is behind the vehicle in front-left camera, and the pedestrian in front camera is in front of the pedestrian in back camera.","The ego car is in the foreground, and there are many pedestrians and two cars behind it. The pedestrians are standing and moving, and the vehicles are parked.","0.1525","0.0","0.8446","3347.4","3","CAM_FRONT_LEFT; CAM_BACK; CAM_FRONT","D_incomplete","3.82"
"de7d80a1f5fb4c3e82ce8a4f213b450a","f65ffdc408fb4a0c8ef0d1614b47dce8","perception","yes_no","Is there any traffic element in the front view?","Yes, there are traffic elements in the front view.","Yes.","0.2","0.0","0.9103","2575.8","6","CAM_FRONT; CAM_FRONT_LEFT; CAM_FRONT_RIGHT; CAM_BACK; CAM_BACK_LEFT; CAM_BACK_RIGHT","D_incomplete","3.82"
"de7d80a1f5fb4c3e82ce8a4f213b450a","f65ffdc408fb4a0c8ef0d1614b47dce8","perception","planning_other","Identify all the traffic elements in the front view, categorize them, determine their status, and predict the bounding box around each one. The output should be a list formatted as (c, s, x1, y1, x2, y2), where c represents the category, s denotes the status, and x1, y1, x2, y2 are the offsets of the top-left and bottom-right corners of the box relative to the center point.","There are many traffic elements in the front view. The information of these traffic elements is [(traffic light, green, 1482.68, 363.07, 1508.49, 431.47), (traffic light, unknown, 823.54, 379.83, 844.99, 425.82), (traffic light, red, 855.04, 375.05, 888.93, 431.41), (traffic light, unknown, 832.89, 386.87, 856.53, 432.23)].","","0.0","0.0","","10318.3","6","CAM_FRONT; CAM_FRONT_LEFT; CAM_FRONT_RIGHT; CAM_BACK; CAM_BACK_LEFT; CAM_BACK_RIGHT","D_incomplete","3.82"
"de7d80a1f5fb4c3e82ce8a4f213b450a","f65ffdc408fb4a0c8ef0d1614b47dce8","perception","which_query","Which lanes are each important object on in the scene?","<c4, CAM_FRONT, 1027.5, 580.0> is in the right lane.","","0.0","0.0","","9832.4","6","CAM_FRONT; CAM_FRONT_LEFT; CAM_FRONT_RIGHT; CAM_BACK; CAM_BACK_LEFT; CAM_BACK_RIGHT","D_incomplete","3.82"
"de7d80a1f5fb4c3e82ce8a4f213b450a","f65ffdc408fb4a0c8ef0d1614b47dce8","perception","what_query","What are the important objects in the current scene? Those objects will be considered for the future reasoning and driving decision.","There is a white sedan to the back of the ego vehicle, a white sedan to the front left of the ego vehicle, a walking person to the back of the ego vehicle, and a people crossing the road to the front of the ego vehicle. The IDs of these objects are the vehicle in back camera, the vehicle in front-left camera, the pedestrian in back camera, and the pedestrian in front camera.","There are many pedestrians and two cars behind the ego car.","0.1176","0.0","0.8445","2045.1","3","CAM_BACK; CAM_FRONT_LEFT; CAM_FRONT","D_incomplete","3.82"
"de7d80a1f5fb4c3e82ce8a4f213b450a","f65ffdc408fb4a0c8ef0d1614b47dce8","perception","what_query","What is the observed status of the vehicle in back camera?","Moving.","Moving.","1.0","1.0","1.0","756.8","1","CAM_BACK","","3.82"
"de7d80a1f5fb4c3e82ce8a4f213b450a","f65ffdc408fb4a0c8ef0d1614b47dce8","perception","what_query","What is the moving status of the vehicle in back camera?","Going ahead.","Moving.","0.0","0.0","0.9201","761.5","1","CAM_BACK","F_other","3.82"
"de7d80a1f5fb4c3e82ce8a4f213b450a","f65ffdc408fb4a0c8ef0d1614b47dce8","perception","what_query","What is the observed status of the vehicle in front-left camera?","Moving.","Moving.","1.0","1.0","1.0","755.8","1","CAM_FRONT_LEFT","","3.82"
"de7d80a1f5fb4c3e82ce8a4f213b450a","f65ffdc408fb4a0c8ef0d1614b47dce8","perception","what_query","What is the moving status of the vehicle in front-left camera?","Going ahead.","Moving.","0.0","0.0","0.9201","754.5","1","CAM_FRONT_LEFT","F_other","3.82"
"de7d80a1f5fb4c3e82ce8a4f213b450a","f65ffdc408fb4a0c8ef0d1614b47dce8","perception","what_query","What is the observed status of the pedestrian in back camera?","Moving.","Moving.","1.0","1.0","1.0","761.0","1","CAM_BACK","","3.82"
"de7d80a1f5fb4c3e82ce8a4f213b450a","f65ffdc408fb4a0c8ef0d1614b47dce8","perception","what_query","What is the moving status of the pedestrian in back camera?","Going ahead.","Moving.","0.0","0.0","0.9201","756.2","1","CAM_BACK","F_other","3.82"
"de7d80a1f5fb4c3e82ce8a4f213b450a","f65ffdc408fb4a0c8ef0d1614b47dce8","perception","what_query","What is the observed status of the pedestrian in front camera?","Moving.","Moving.","1.0","1.0","1.0","758.0","1","CAM_FRONT","","3.82"
"de7d80a1f5fb4c3e82ce8a4f213b450a","f65ffdc408fb4a0c8ef0d1614b47dce8","perception","what_query","What is the moving status of the pedestrian in front camera?","Going ahead.","Moving.","0.0","0.0","0.9201","767.9","1","CAM_FRONT","F_other","3.82"
"de7d80a1f5fb4c3e82ce8a4f213b450a","f65ffdc408fb4a0c8ef0d1614b47dce8","perception","visual_description","What is the visual description of the vehicle in back camera?","White sedan.","Moving.","0.0","0.0","0.9247","763.7","1","CAM_BACK","F_other","3.82"
"de7d80a1f5fb4c3e82ce8a4f213b450a","f65ffdc408fb4a0c8ef0d1614b47dce8","perception","visual_description","What is the visual description of the vehicle in front-left camera?","White sedan.","White.","0.6667","0.0","0.9232","718.6","1","CAM_FRONT_LEFT","","3.82"
"de7d80a1f5fb4c3e82ce8a4f213b450a","f65ffdc408fb4a0c8ef0d1614b47dce8","perception","visual_description","What is the visual description of the pedestrian in back camera?","Walking person.","There is a person walking in the background.","0.2","0.0","0.8954","1076.4","1","CAM_BACK","F_other","3.82"
"de7d80a1f5fb4c3e82ce8a4f213b450a","f65ffdc408fb4a0c8ef0d1614b47dce8","perception","visual_description","What is the visual description of the pedestrian in front camera?","The visual description of the pedestrian in front camera is people crossing the road.","There is a person walking in the street.","0.1818","0.0","0.8987","1041.8","1","CAM_FRONT","F_other","3.82"
"de7d80a1f5fb4c3e82ce8a4f213b450a","f65ffdc408fb4a0c8ef0d1614b47dce8","prediction","yes_no","Is the object in back camera a traffic sign or a road barrier?","No.","There are two objects in the back camera.","0.0","0.0","0.8927","1024.0","1","CAM_BACK","F_other","3.82"
"de7d80a1f5fb4c3e82ce8a4f213b450a","f65ffdc408fb4a0c8ef0d1614b47dce8","prediction","which_query","Which object is most likely to be occluded by the vehicle in back camera? Would this object affect the ego vehicle? Based on this object, what action of the ego vehicle is dangerous?","None, no, none.","There is a car in front of the vehicle in the back camera. The car would be most likely to be occluded by the vehicle in the back camera.","0.0","0.0","0.8216","4464.5","1","CAM_BACK","A_hallucination","3.82"
"de7d80a1f5fb4c3e82ce8a4f213b450a","f65ffdc408fb4a0c8ef0d1614b47dce8","prediction","other_question_type","Would the vehicle in back camera be in the moving direction of the ego vehicle?","No.","No.","1.0","1.0","1.0","715.5","1","CAM_BACK","","3.82"
"de7d80a1f5fb4c3e82ce8a4f213b450a","f65ffdc408fb4a0c8ef0d1614b47dce8","prediction","what_query","What is the future state of the vehicle in back camera?","Keep going straight.","Moving.","0.0","0.0","0.9134","759.1","1","CAM_BACK","D_incomplete","3.82"
"de7d80a1f5fb4c3e82ce8a4f213b450a","f65ffdc408fb4a0c8ef0d1614b47dce8","prediction","yes_no","Is the object in front-left camera a traffic sign or a road barrier?","No.","There are two traffic signs to the left.","0.0","0.0","0.903","1022.6","1","CAM_FRONT_LEFT","F_other","3.82"
"de7d80a1f5fb4c3e82ce8a4f213b450a","f65ffdc408fb4a0c8ef0d1614b47dce8","prediction","which_query","Which object is most likely to be occluded by the vehicle in front-left camera? Would this object affect the ego vehicle? Based on this object, what action of the ego vehicle is dangerous?","None, no, none.","There is a car in front of the ego vehicle. The car in front of the ego vehicle is most likely to be occluded by the vehicle in front-left camera.","0.0","0.0","0.823","5722.8","1","CAM_FRONT_LEFT","A_hallucination","3.82"
"de7d80a1f5fb4c3e82ce8a4f213b450a","f65ffdc408fb4a0c8ef0d1614b47dce8","prediction","other_question_type","Would the vehicle in front-left camera be in the moving direction of the ego vehicle?","No.","No.","1.0","1.0","1.0","778.4","1","CAM_FRONT_LEFT","","3.82"
"de7d80a1f5fb4c3e82ce8a4f213b450a","f65ffdc408fb4a0c8ef0d1614b47dce8","prediction","what_query","What is the future state of the vehicle in front-left camera?","Keep going straight.","Moving.","0.0","0.0","0.9134","775.3","1","CAM_FRONT_LEFT","D_incomplete","3.82"
"de7d80a1f5fb4c3e82ce8a4f213b450a","f65ffdc408fb4a0c8ef0d1614b47dce8","prediction","yes_no","Is the object in back camera a traffic sign or a road barrier?","No.","There are two objects in the back camera.","0.0","0.0","0.8927","1138.8","1","CAM_BACK","F_other","3.82"
"de7d80a1f5fb4c3e82ce8a4f213b450a","f65ffdc408fb4a0c8ef0d1614b47dce8","prediction","which_query","Which object is most likely to be occluded by the pedestrian in back camera? Would this object affect the ego vehicle? Based on this object, what action of the ego vehicle is dangerous?","None, no, none.","There is a person walking on the sidewalk in the back camera view. The ego vehicle should be cautious of the pedestrian's presence, especially if the pedestrian is not visible in the front camera view.","0.0","0.0","0.8232","4236.4","1","CAM_BACK","A_hallucination","3.82"
"de7d80a1f5fb4c3e82ce8a4f213b450a","f65ffdc408fb4a0c8ef0d1614b47dce8","prediction","other_question_type","Would the pedestrian in back camera be in the moving direction of the ego vehicle?","No.","No.","1.0","1.0","1.0","730.7","1","CAM_BACK","","3.82"
"de7d80a1f5fb4c3e82ce8a4f213b450a","f65ffdc408fb4a0c8ef0d1614b47dce8","prediction","what_query","What is the future state of the pedestrian in back camera?","Keep going straight.","There is a person walking on the sidewalk.","0.0","0.0","0.8804","1224.7","1","CAM_BACK","F_other","3.82"
"de7d80a1f5fb4c3e82ce8a4f213b450a","f65ffdc408fb4a0c8ef0d1614b47dce8","prediction","yes_no","Is the object in front camera a traffic sign or a road barrier?","No.","No.","1.0","1.0","1.0","707.6","1","CAM_FRONT","","3.82"
"de7d80a1f5fb4c3e82ce8a4f213b450a","f65ffdc408fb4a0c8ef0d1614b47dce8","prediction","which_query","Which object is most likely to be occluded by the pedestrian in front camera? Would this object affect the ego vehicle? Based on this object, what action of the ego vehicle is dangerous?","None, no, none.","There is a person holding an umbrella in front of the ego vehicle. The umbrella is most likely to be occluded by the pedestrian.","0.0","0.0","0.8189","7204.7","1","CAM_FRONT","A_hallucination","3.82"
"de7d80a1f5fb4c3e82ce8a4f213b450a","f65ffdc408fb4a0c8ef0d1614b47dce8","prediction","other_question_type","Would the pedestrian in front camera be in the moving direction of the ego vehicle?","No.","No.","1.0","1.0","1.0","716.5","1","CAM_FRONT","","3.82"
"de7d80a1f5fb4c3e82ce8a4f213b450a","f65ffdc408fb4a0c8ef0d1614b47dce8","prediction","what_query","What is the future state of the pedestrian in front camera?","Keep going straight.","The pedestrian in front camera is walking across the street.","0.0","0.0","0.8631","1367.6","1","CAM_FRONT","F_other","3.82"
"de7d80a1f5fb4c3e82ce8a4f213b450a","f65ffdc408fb4a0c8ef0d1614b47dce8","prediction","what_query","What object should the ego vehicle notice first when the ego vehicle is getting to the next possible location? What is the state of the object that is first noticed by the ego vehicle and what action should the ego vehicle take? What object should the ego vehicle notice second when the ego vehicle is getting to the next possible location? What is the state of the object perceived by the ego vehicle as second and what action should the ego vehicle take? What object should the ego vehicle notice third? What is the state of the object perceived by the ego vehicle as third and what action should the ego vehicle take?","Firstly, notice that the vehicle in front-left camera. The object is going ahead, so the ego vehicle should keep going ahead at the same speed. Secondly, notice that the pedestrian in front camera. The object is going ahead, so the ego vehicle should keep going ahead at the same speed. Thirdly, notice that the vehicle in back camera. The object is going ahead, so the ego vehicle should keep going ahead at the same speed.","There are 3 cars to the right. The ego vehicle should notice the first car first, which is parked.","0.1684","0.0","0.8459","5478.9","3","CAM_FRONT_LEFT; CAM_FRONT; CAM_BACK","C_wrong_camera","3.82"
"de7d80a1f5fb4c3e82ce8a4f213b450a","f65ffdc408fb4a0c8ef0d1614b47dce8","prediction","yes_no","Are the object in back camera and the object in front-left camera traffic signs?","Neither is a traffic sign.","No.","0.0","0.0","0.8958","1083.0","2","CAM_BACK; CAM_FRONT_LEFT","D_incomplete","3.82"
"de7d80a1f5fb4c3e82ce8a4f213b450a","f65ffdc408fb4a0c8ef0d1614b47dce8","prediction","future_state","Will the pedestrian in back camera be in the moving direction of the vehicle in front-left camera?","No.","No.","1.0","1.0","1.0","1082.9","2","CAM_BACK; CAM_FRONT_LEFT","","3.82"
"de7d80a1f5fb4c3e82ce8a4f213b450a","f65ffdc408fb4a0c8ef0d1614b47dce8","prediction","future_state","Will the pedestrian in back camera change its motion state based on the vehicle in front-left camera?","No.","No.","1.0","1.0","1.0","1085.2","2","CAM_BACK; CAM_FRONT_LEFT","","3.82"
"de7d80a1f5fb4c3e82ce8a4f213b450a","f65ffdc408fb4a0c8ef0d1614b47dce8","prediction","other_question_type","Based on the observations of the vehicle in front-left camera, what are possible actions to be taken by the pedestrian in back camera? What is the reason?","The action is to keep going at the same speed; the reason is that there is no safety issue.","The pedestrian in back camera should be cautious and aware of the vehicle in front-left camera. The vehicle is moving, so the pedestrian should ensure they are not in the path of the vehicle and maintain a safe distance. The reason is to avoid any potential accidents or collisions.","0.1739","0.0","0.8652","4074.5","2","CAM_FRONT_LEFT; CAM_BACK","F_other","3.82"
"de7d80a1f5fb4c3e82ce8a4f213b450a","f65ffdc408fb4a0c8ef0d1614b47dce8","prediction","what_query","What object would consider the pedestrian in back camera to be most relevant to its decision?","the vehicle in back camera.","There is a person in the back camera.","0.4615","0.0","0.9157","1047.1","1","CAM_BACK","","3.82"
"de7d80a1f5fb4c3e82ce8a4f213b450a","f65ffdc408fb4a0c8ef0d1614b47dce8","prediction","what_query","What object would consider the vehicle in front-left camera to be most relevant to its decision?","The ego vehicle.","The ego vehicle.","1.0","1.0","1.0","854.4","1","CAM_FRONT_LEFT","","3.82"
"de7d80a1f5fb4c3e82ce8a4f213b450a","f65ffdc408fb4a0c8ef0d1614b47dce8","prediction","other_question_type","Except for the ego vehicle, what object would consider the vehicle in front-left camera to be most relevant to its decision?","None.","None.","1.0","1.0","1.0","708.5","1","CAM_FRONT_LEFT","","3.82"
"de7d80a1f5fb4c3e82ce8a4f213b450a","f65ffdc408fb4a0c8ef0d1614b47dce8","prediction","yes_no","Are the object in front-left camera and the object in back camera traffic signs?","Neither is a traffic sign.","No.","0.0","0.0","0.8958","1046.7","2","CAM_FRONT_LEFT; CAM_BACK","D_incomplete","3.82"
"de7d80a1f5fb4c3e82ce8a4f213b450a","f65ffdc408fb4a0c8ef0d1614b47dce8","prediction","future_state","Will the vehicle in front-left camera be in the moving direction of the pedestrian in back camera?","No.","No.","1.0","1.0","1.0","1057.6","2","CAM_FRONT_LEFT; CAM_BACK","","3.82"
"de7d80a1f5fb4c3e82ce8a4f213b450a","f65ffdc408fb4a0c8ef0d1614b47dce8","prediction","future_state","Will the vehicle in front-left camera change its motion state based on the pedestrian in back camera?","No.","No.","1.0","1.0","1.0","1056.3","2","CAM_FRONT_LEFT; CAM_BACK","","3.82"
"de7d80a1f5fb4c3e82ce8a4f213b450a","f65ffdc408fb4a0c8ef0d1614b47dce8","prediction","other_question_type","Based on the observations of the pedestrian in back camera, what are possible actions to be taken by the vehicle in front-left camera? What is the reason?","The action is to keep going at the same speed, and the reason is that there is no safety issue.","The pedestrian is walking on the sidewalk, and the vehicle in front-left camera is stationary. The vehicle should proceed with caution, ensuring the pedestrian's safety by maintaining a safe distance and being prepared to react to any sudden movements by the pedestrian.","0.2188","0.0","0.8451","4008.6","2","CAM_BACK; CAM_FRONT_LEFT","F_other","3.82"
"de7d80a1f5fb4c3e82ce8a4f213b450a","f65ffdc408fb4a0c8ef0d1614b47dce8","prediction","what_query","What object would consider the vehicle in front-left camera to be most relevant to its decision?","The ego vehicle.","The ego vehicle.","1.0","1.0","1.0","868.4","1","CAM_FRONT_LEFT","","3.82"
"de7d80a1f5fb4c3e82ce8a4f213b450a","f65ffdc408fb4a0c8ef0d1614b47dce8","prediction","other_question_type","Except for the ego vehicle, what object would consider the vehicle in front-left camera to be most relevant to its decision?","None.","None.","1.0","1.0","1.0","707.7","1","CAM_FRONT_LEFT","","3.82"
"de7d80a1f5fb4c3e82ce8a4f213b450a","f65ffdc408fb4a0c8ef0d1614b47dce8","prediction","what_query","What object would consider the pedestrian in back camera to be most relevant to its decision?","the vehicle in back camera.","There is a person in the back camera.","0.4615","0.0","0.9157","1053.0","1","CAM_BACK","","3.82"
"de7d80a1f5fb4c3e82ce8a4f213b450a","f65ffdc408fb4a0c8ef0d1614b47dce8","planning","yes_no","Is the vehicle in back camera an object that the ego vehicle should consider in the current scene?","No.","Yes.","0.0","0.0","0.9945","2765.0","6","CAM_FRONT; CAM_FRONT_LEFT; CAM_FRONT_RIGHT; CAM_BACK; CAM_BACK_LEFT; CAM_BACK_RIGHT","E_planning_error","3.82"
"de7d80a1f5fb4c3e82ce8a4f213b450a","f65ffdc408fb4a0c8ef0d1614b47dce8","planning","what_query","What actions could the ego vehicle take based on the vehicle in back camera? Why take this action and what's the probability?","The action is to keep going at the same speed. The reason is that there is no safety issue, and the probability is high.","High.","0.08","0.0","0.8714","4734.2","6","CAM_FRONT; CAM_FRONT_LEFT; CAM_FRONT_RIGHT; CAM_BACK; CAM_BACK_LEFT; CAM_BACK_RIGHT","D_incomplete","3.82"
"de7d80a1f5fb4c3e82ce8a4f213b450a","f65ffdc408fb4a0c8ef0d1614b47dce8","planning","what_query","What is the probability of colliding with the vehicle in back camera after the ego vehicle goes straight and keeps the same speed?","Low.","Low.","1.0","1.0","1.0","2806.7","6","CAM_FRONT; CAM_FRONT_LEFT; CAM_FRONT_RIGHT; CAM_BACK; CAM_BACK_LEFT; CAM_BACK_RIGHT","","3.82"
"de7d80a1f5fb4c3e82ce8a4f213b450a","f65ffdc408fb4a0c8ef0d1614b47dce8","planning","what_query","What actions taken by the ego vehicle can lead to a collision with the vehicle in back camera?","Brake suddenly.","Accelerate and go straight actions taken by the ego vehicle can lead to a collision with the vehicle in back camera.","0.0","0.0","0.8333","4422.8","6","CAM_FRONT; CAM_FRONT_LEFT; CAM_FRONT_RIGHT; CAM_BACK; CAM_BACK_LEFT; CAM_BACK_RIGHT","A_hallucination","3.82"
"de7d80a1f5fb4c3e82ce8a4f213b450a","f65ffdc408fb4a0c8ef0d1614b47dce8","planning","yes_no","Is the vehicle in front-left camera an object that the ego vehicle should consider in the current scene?","Yes.","Yes.","1.0","1.0","1.0","2832.9","6","CAM_FRONT; CAM_FRONT_LEFT; CAM_FRONT_RIGHT; CAM_BACK; CAM_BACK_LEFT; CAM_BACK_RIGHT","","3.82"
"de7d80a1f5fb4c3e82ce8a4f213b450a","f65ffdc408fb4a0c8ef0d1614b47dce8","planning","what_query","What actions could the ego vehicle take based on the vehicle in front-left camera? Why take this action and what's the probability?","The action is to keep going at the same speed. The reason is to maintain a safe distance, which is high.","High.","0.0909","0.0","0.8715","4670.0","6","CAM_FRONT; CAM_FRONT_LEFT; CAM_FRONT_RIGHT; CAM_BACK; CAM_BACK_LEFT; CAM_BACK_RIGHT","D_incomplete","3.82"
"de7d80a1f5fb4c3e82ce8a4f213b450a","f65ffdc408fb4a0c8ef0d1614b47dce8","planning","what_query","What is the probability of colliding with the vehicle in front-left camera after the ego vehicle goes straight and keeps the same speed?","Low.","Low.","1.0","1.0","1.0","2846.6","6","CAM_FRONT; CAM_FRONT_LEFT; CAM_FRONT_RIGHT; CAM_BACK; CAM_BACK_LEFT; CAM_BACK_RIGHT","","3.82"
"de7d80a1f5fb4c3e82ce8a4f213b450a","f65ffdc408fb4a0c8ef0d1614b47dce8","planning","what_query","What actions taken by the ego vehicle can lead to a collision with the vehicle in front-left camera?","Slight left turn.","Accelerate and go straight actions taken by the ego vehicle can lead to a collision with the vehicle in front-left camera.","0.08","0.0","0.8489","4574.9","6","CAM_FRONT; CAM_FRONT_LEFT; CAM_FRONT_RIGHT; CAM_BACK; CAM_BACK_LEFT; CAM_BACK_RIGHT","A_hallucination","3.82"
"de7d80a1f5fb4c3e82ce8a4f213b450a","f65ffdc408fb4a0c8ef0d1614b47dce8","planning","yes_no","Is the pedestrian in back camera an object that the ego vehicle should consider in the current scene?","No.","Yes.","0.0","0.0","0.9945","2795.7","6","CAM_FRONT; CAM_FRONT_LEFT; CAM_FRONT_RIGHT; CAM_BACK; CAM_BACK_LEFT; CAM_BACK_RIGHT","E_planning_error","3.82"
"de7d80a1f5fb4c3e82ce8a4f213b450a","f65ffdc408fb4a0c8ef0d1614b47dce8","planning","what_query","What actions could the ego vehicle take based on the pedestrian in back camera? Why take this action and what's the probability?","The action is to keep going at the same speed. The reason is that there is no safety issue, and the probability is high.","Low.","0.0","0.0","0.8745","5278.6","6","CAM_FRONT; CAM_FRONT_LEFT; CAM_FRONT_RIGHT; CAM_BACK; CAM_BACK_LEFT; CAM_BACK_RIGHT","D_incomplete","3.82"
"de7d80a1f5fb4c3e82ce8a4f213b450a","f65ffdc408fb4a0c8ef0d1614b47dce8","planning","what_query","What is the probability of colliding with the pedestrian in back camera after the ego vehicle goes straight and keeps the same speed?","Low.","Low.","1.0","1.0","1.0","2823.3","6","CAM_FRONT; CAM_FRONT_LEFT; CAM_FRONT_RIGHT; CAM_BACK; CAM_BACK_LEFT; CAM_BACK_RIGHT","","3.82"
"de7d80a1f5fb4c3e82ce8a4f213b450a","f65ffdc408fb4a0c8ef0d1614b47dce8","planning","yes_no","Is the pedestrian in front camera an object that the ego vehicle should consider in the current scene?","Yes.","Yes.","1.0","1.0","1.0","2832.1","6","CAM_FRONT; CAM_FRONT_LEFT; CAM_FRONT_RIGHT; CAM_BACK; CAM_BACK_LEFT; CAM_BACK_RIGHT","","3.82"
"de7d80a1f5fb4c3e82ce8a4f213b450a","f65ffdc408fb4a0c8ef0d1614b47dce8","planning","what_query","What actions could the ego vehicle take based on the pedestrian in front camera? Why take this action and what's the probability?","The action is to keep going at the same speed. The reason is that there is no safety issue, and the probability is high.","Low.","0.0","0.0","0.8745","4695.4","6","CAM_FRONT; CAM_FRONT_LEFT; CAM_FRONT_RIGHT; CAM_BACK; CAM_BACK_LEFT; CAM_BACK_RIGHT","D_incomplete","3.82"
"de7d80a1f5fb4c3e82ce8a4f213b450a","f65ffdc408fb4a0c8ef0d1614b47dce8","planning","what_query","What is the probability of colliding with the pedestrian in front camera after the ego vehicle goes straight and keeps the same speed?","Low.","Low.","1.0","1.0","1.0","2840.7","6","CAM_FRONT; CAM_FRONT_LEFT; CAM_FRONT_RIGHT; CAM_BACK; CAM_BACK_LEFT; CAM_BACK_RIGHT","","3.82"
"de7d80a1f5fb4c3e82ce8a4f213b450a","f65ffdc408fb4a0c8ef0d1614b47dce8","planning","what_query","What actions taken by the ego vehicle can lead to a collision with the pedestrian in front camera?","Accelerating and going straight.","The ego vehicle is accelerating and going straight.","0.6667","0.0","0.8865","3653.8","6","CAM_FRONT; CAM_FRONT_LEFT; CAM_FRONT_RIGHT; CAM_BACK; CAM_BACK_LEFT; CAM_BACK_RIGHT","","3.82"
"de7d80a1f5fb4c3e82ce8a4f213b450a","f65ffdc408fb4a0c8ef0d1614b47dce8","planning","what_query","What is the traffic signal that the ego vehicle should pay attention to?","None.","The traffic signal that the ego vehicle should pay attention to is the red light.","0.0","0.0","0.8747","3471.3","6","CAM_FRONT; CAM_FRONT_LEFT; CAM_FRONT_RIGHT; CAM_BACK; CAM_BACK_LEFT; CAM_BACK_RIGHT","E_planning_error","3.82"
"de7d80a1f5fb4c3e82ce8a4f213b450a","f65ffdc408fb4a0c8ef0d1614b47dce8","planning","what_query","What is the target action of the ego vehicle?","Turn left.","The target action of the ego vehicle is to keep going at the same speed.","0.0","0.0","0.8602","3424.2","6","CAM_FRONT; CAM_FRONT_LEFT; CAM_FRONT_RIGHT; CAM_BACK; CAM_BACK_LEFT; CAM_BACK_RIGHT","E_planning_error","3.82"
"de7d80a1f5fb4c3e82ce8a4f213b450a","f65ffdc408fb4a0c8ef0d1614b47dce8","planning","other_question_type","In this scenario, what are safe actions to take for the ego vehicle?","Decelerate gradually without braking and turn left.","In this scenario, the ego vehicle should maintain a safe distance from the vehicle in front camera. This can be achieved by accelerating and going straight.","0.0606","0.0","0.8584","4816.3","6","CAM_FRONT; CAM_FRONT_LEFT; CAM_FRONT_RIGHT; CAM_BACK; CAM_BACK_LEFT; CAM_BACK_RIGHT","A_hallucination","3.82"
"de7d80a1f5fb4c3e82ce8a4f213b450a","f65ffdc408fb4a0c8ef0d1614b47dce8","planning","other_question_type","In this scenario, what are dangerous actions to take for the ego vehicle?","Accelerate and go ahead, brake suddenly.","High.","0.0","0.0","0.8685","5333.1","6","CAM_FRONT; CAM_FRONT_LEFT; CAM_FRONT_RIGHT; CAM_BACK; CAM_BACK_LEFT; CAM_BACK_RIGHT","D_incomplete","3.82"
"de7d80a1f5fb4c3e82ce8a4f213b450a","f65ffdc408fb4a0c8ef0d1614b47dce8","planning","what_query","What is the priority of the objects that the ego vehicle should consider?(in descending order)","The priority of the objects that the ego vehicle should consider (in descending order) is the vehicle in front-left camera, the pedestrian in front camera, the vehicle in back camera, the pedestrian in back camera.","There are 4 cars to the left, 2 cars to the right, 1 bus to the left, and 1 bus to the right. The ego vehicle should consider the bus to the left and the bus to the right.","0.2933","0.0","0.8631","5487.7","6","CAM_FRONT; CAM_FRONT_LEFT; CAM_FRONT_RIGHT; CAM_BACK; CAM_BACK_LEFT; CAM_BACK_RIGHT","C_wrong_camera","3.82"
"de7d80a1f5fb4c3e82ce8a4f213b450a","f65ffdc408fb4a0c8ef0d1614b47dce8","planning","what_query","What actions taken by the ego vehicle can lead to a collision with the pedestrian in back camera?","Reversing to the left rear can lead to a collision with the pedestrian in back camera.","The ego vehicle is accelerating and going straight.","0.0833","0.0","0.8481","3680.0","6","CAM_FRONT; CAM_FRONT_LEFT; CAM_FRONT_RIGHT; CAM_BACK; CAM_BACK_LEFT; CAM_BACK_RIGHT","E_planning_error","3.82"
"de7d80a1f5fb4c3e82ce8a4f213b450a","f65ffdc408fb4a0c8ef0d1614b47dce8","planning","what_query","What's your comment on this scene?","The lighting in this scene will affect the driver's ability to drive.","The scene shows a busy street with multiple vehicles, including cars and a bus. There are several traffic lights, with one close to the center of the image and others scattered around the scene.","0.1277","0.0","0.8613","6716.4","6","CAM_FRONT; CAM_FRONT_LEFT; CAM_FRONT_RIGHT; CAM_BACK; CAM_BACK_LEFT; CAM_BACK_RIGHT","E_planning_error","3.82"
"de7d80a1f5fb4c3e82ce8a4f213b450a","f65ffdc408fb4a0c8ef0d1614b47dce8","behavior","ego_behavior_prediction","Predict the behavior of the ego vehicle.","The ego vehicle is steering to the left. The ego vehicle is driving slowly.","The ego vehicle is going straight. The ego vehicle is driving fast.","0.6923","0.0","0.9586","3369.8","6","CAM_FRONT; CAM_FRONT_LEFT; CAM_FRONT_RIGHT; CAM_BACK; CAM_BACK_LEFT; CAM_BACK_RIGHT","","3.82"
"de7d80a1f5fb4c3e82ce8a4f213b450a","98fa81992fb04e799c329eca220e7164","perception","object_enumeration","What are objects to the back of the ego car?","There are many cars, one bus, three pedestrians, and one motorcycle behind the ego car.","There are many pedestrians and two cars behind the ego car.","0.6923","0.0","0.9467","3437.0","6","CAM_FRONT; CAM_FRONT_LEFT; CAM_FRONT_RIGHT; CAM_BACK; CAM_BACK_LEFT; CAM_BACK_RIGHT","","3.82"
"de7d80a1f5fb4c3e82ce8a4f213b450a","98fa81992fb04e799c329eca220e7164","perception","status_query","What is the status of the cars that are to the back of the ego car?","Many cars are parked, and two are moving.","There are two cars behind the ego car.","0.25","0.0","0.9015","3154.5","6","CAM_FRONT; CAM_FRONT_LEFT; CAM_FRONT_RIGHT; CAM_BACK; CAM_BACK_LEFT; CAM_BACK_RIGHT","F_other","3.82"
"de7d80a1f5fb4c3e82ce8a4f213b450a","98fa81992fb04e799c329eca220e7164","perception","object_enumeration","What are objects to the front of the ego car?","There are many pedestrians, one bus, and three cars in front of the ego car.","There are two cars and many pedestrians in front of the ego car.","0.7143","0.0","0.958","3556.9","6","CAM_FRONT; CAM_FRONT_LEFT; CAM_FRONT_RIGHT; CAM_BACK; CAM_BACK_LEFT; CAM_BACK_RIGHT","","3.82"
"de7d80a1f5fb4c3e82ce8a4f213b450a","98fa81992fb04e799c329eca220e7164","perception","status_query","What is the status of the pedestrians that are to the front of the ego car?","Many pedestrians are moving.","There are many pedestrians and two cars in front of the ego car.","0.2353","0.0","0.8923","3540.1","6","CAM_FRONT; CAM_FRONT_LEFT; CAM_FRONT_RIGHT; CAM_BACK; CAM_BACK_LEFT; CAM_BACK_RIGHT","F_other","3.82"
"de7d80a1f5fb4c3e82ce8a4f213b450a","98fa81992fb04e799c329eca220e7164","perception","object_enumeration","What are objects to the back right of the ego car?","There are many cars and two pedestrians to the back right of the ego car.","There are two cars behind the ego car.","0.5217","0.0","0.9344","3202.8","6","CAM_FRONT; CAM_FRONT_LEFT; CAM_FRONT_RIGHT; CAM_BACK; CAM_BACK_LEFT; CAM_BACK_RIGHT","","3.82"
"de7d80a1f5fb4c3e82ce8a4f213b450a","98fa81992fb04e799c329eca220e7164","perception","status_query","What is the status of the cars that are to the back right of the ego car?","Many cars are parked.","Moving.","0.0","0.0","0.8939","2771.2","6","CAM_FRONT; CAM_FRONT_LEFT; CAM_FRONT_RIGHT; CAM_BACK; CAM_BACK_LEFT; CAM_BACK_RIGHT","B_wrong_status","3.82"
"de7d80a1f5fb4c3e82ce8a4f213b450a","98fa81992fb04e799c329eca220e7164","perception","status_query","What is the status of the bus that is to the front of the ego car?","The bus in front of the ego car is moving.","Moving.","0.1818","0.0","0.8752","2772.7","6","CAM_FRONT; CAM_FRONT_LEFT; CAM_FRONT_RIGHT; CAM_BACK; CAM_BACK_LEFT; CAM_BACK_RIGHT","D_incomplete","3.82"
"de7d80a1f5fb4c3e82ce8a4f213b450a","98fa81992fb04e799c329eca220e7164","perception","status_query","What is the status of the cars that are to the front of the ego car?","Three cars are moving.","There are two cars in front of the ego car.","0.1429","0.0","0.9009","3254.5","6","CAM_FRONT; CAM_FRONT_LEFT; CAM_FRONT_RIGHT; CAM_BACK; CAM_BACK_LEFT; CAM_BACK_RIGHT","F_other","3.82"
"de7d80a1f5fb4c3e82ce8a4f213b450a","98fa81992fb04e799c329eca220e7164","perception","status_query","What is the status of the pedestrians that are to the back right of the ego car?","Two pedestrians are moving.","There are many pedestrians and two cars behind the ego car.","0.1333","0.0","0.8957","3474.0","6","CAM_FRONT; CAM_FRONT_LEFT; CAM_FRONT_RIGHT; CAM_BACK; CAM_BACK_LEFT; CAM_BACK_RIGHT","F_other","3.82"
"de7d80a1f5fb4c3e82ce8a4f213b450a","98fa81992fb04e799c329eca220e7164","perception","status_query","What is the status of the bus that is to the back of the ego car?","One bus is stopped.","Moving.","0.0","0.0","0.9009","2732.8","6","CAM_FRONT; CAM_FRONT_LEFT; CAM_FRONT_RIGHT; CAM_BACK; CAM_BACK_LEFT; CAM_BACK_RIGHT","B_wrong_status","3.82"
"de7d80a1f5fb4c3e82ce8a4f213b450a","98fa81992fb04e799c329eca220e7164","perception","status_query","What is the status of the pedestrians that are to the back of the ego car?","Three pedestrians are moving.","There are many pedestrians and two cars behind the ego car.","0.1333","0.0","0.8961","3443.9","6","CAM_FRONT; CAM_FRONT_LEFT; CAM_FRONT_RIGHT; CAM_BACK; CAM_BACK_LEFT; CAM_BACK_RIGHT","F_other","3.82"
"de7d80a1f5fb4c3e82ce8a4f213b450a","98fa81992fb04e799c329eca220e7164","perception","object_enumeration","What are objects to the front left of the ego car?","There is one pedestrian to the front left of the ego car.","There are two cars and many pedestrians to the front left of the ego car.","0.7407","0.0","0.9572","3635.8","6","CAM_FRONT; CAM_FRONT_LEFT; CAM_FRONT_RIGHT; CAM_BACK; CAM_BACK_LEFT; CAM_BACK_RIGHT","","3.82"
"de7d80a1f5fb4c3e82ce8a4f213b450a","98fa81992fb04e799c329eca220e7164","perception","status_query","What is the status of the pedestrian that is to the front left of the ego car?","The pedestrian to the front left of the ego car is moving.","There is a person standing to the front left of the ego car.","0.64","0.0","0.9466","3426.2","6","CAM_FRONT; CAM_FRONT_LEFT; CAM_FRONT_RIGHT; CAM_BACK; CAM_BACK_LEFT; CAM_BACK_RIGHT","","3.82"
"de7d80a1f5fb4c3e82ce8a4f213b450a","98fa81992fb04e799c329eca220e7164","perception","status_query","What is the status of the motorcycle that is to the back of the ego car?","One motorcycle is with a rider.","Moving.","0.0","0.0","0.8812","2768.0","6","CAM_FRONT; CAM_FRONT_LEFT; CAM_FRONT_RIGHT; CAM_BACK; CAM_BACK_LEFT; CAM_BACK_RIGHT","D_incomplete","3.82"
"de7d80a1f5fb4c3e82ce8a4f213b450a","98fa81992fb04e799c329eca220e7164","perception","yes_no","Are there parked construction vehicles to the front right of the ego car?","No.","No.","1.0","1.0","1.0","2603.4","6","CAM_FRONT; CAM_FRONT_LEFT; CAM_FRONT_RIGHT; CAM_BACK; CAM_BACK_LEFT; CAM_BACK_RIGHT","","3.82"
"de7d80a1f5fb4c3e82ce8a4f213b450a","98fa81992fb04e799c329eca220e7164","perception","yes_no","Are there moving pedestrians to the back of the ego car?","Yes.","Yes.","1.0","1.0","1.0","2611.7","6","CAM_FRONT; CAM_FRONT_LEFT; CAM_FRONT_RIGHT; CAM_BACK; CAM_BACK_LEFT; CAM_BACK_RIGHT","","3.82"
"de7d80a1f5fb4c3e82ce8a4f213b450a","98fa81992fb04e799c329eca220e7164","perception","yes_no","Are there moving pedestrians to the front left of the ego car?","Yes.","Yes.","1.0","1.0","1.0","2604.4","6","CAM_FRONT; CAM_FRONT_LEFT; CAM_FRONT_RIGHT; CAM_BACK; CAM_BACK_LEFT; CAM_BACK_RIGHT","","3.82"
"de7d80a1f5fb4c3e82ce8a4f213b450a","98fa81992fb04e799c329eca220e7164","perception","yes_no","Are there motorcycles with riders to the back of the ego car?","Yes.","No.","0.0","0.0","0.9945","2542.3","6","CAM_FRONT; CAM_FRONT_LEFT; CAM_FRONT_RIGHT; CAM_BACK; CAM_BACK_LEFT; CAM_BACK_RIGHT","F_other","3.82"
"de7d80a1f5fb4c3e82ce8a4f213b450a","98fa81992fb04e799c329eca220e7164","perception","yes_no","Are there moving pedestrians to the back right of the ego car?","Yes.","Yes.","1.0","1.0","1.0","2547.6","6","CAM_FRONT; CAM_FRONT_LEFT; CAM_FRONT_RIGHT; CAM_BACK; CAM_BACK_LEFT; CAM_BACK_RIGHT","","3.82"
"de7d80a1f5fb4c3e82ce8a4f213b450a","98fa81992fb04e799c329eca220e7164","perception","yes_no","Are there parked cars to the back right of the ego car?","Yes.","Yes.","1.0","1.0","1.0","2581.3","6","CAM_FRONT; CAM_FRONT_LEFT; CAM_FRONT_RIGHT; CAM_BACK; CAM_BACK_LEFT; CAM_BACK_RIGHT","","3.82"
"de7d80a1f5fb4c3e82ce8a4f213b450a","98fa81992fb04e799c329eca220e7164","perception","yes_no","Are there moving cars to the front of the ego car?","Yes.","Yes.","1.0","1.0","1.0","2584.9","6","CAM_FRONT; CAM_FRONT_LEFT; CAM_FRONT_RIGHT; CAM_BACK; CAM_BACK_LEFT; CAM_BACK_RIGHT","","3.82"
"de7d80a1f5fb4c3e82ce8a4f213b450a","98fa81992fb04e799c329eca220e7164","perception","yes_no","Are there parked cars to the back of the ego car?","Yes.","Yes.","1.0","1.0","1.0","2588.0","6","CAM_FRONT; CAM_FRONT_LEFT; CAM_FRONT_RIGHT; CAM_BACK; CAM_BACK_LEFT; CAM_BACK_RIGHT","","3.82"
"de7d80a1f5fb4c3e82ce8a4f213b450a","98fa81992fb04e799c329eca220e7164","perception","yes_no","Are there moving pedestrians to the front of the ego car?","Yes.","Yes.","1.0","1.0","1.0","2590.9","6","CAM_FRONT; CAM_FRONT_LEFT; CAM_FRONT_RIGHT; CAM_BACK; CAM_BACK_LEFT; CAM_BACK_RIGHT","","3.82"
"de7d80a1f5fb4c3e82ce8a4f213b450a","98fa81992fb04e799c329eca220e7164","perception","yes_no","Are there moving cars to the back of the ego car?","Yes.","Yes.","1.0","1.0","1.0","2586.5","6","CAM_FRONT; CAM_FRONT_LEFT; CAM_FRONT_RIGHT; CAM_BACK; CAM_BACK_LEFT; CAM_BACK_RIGHT","","3.82"
"de7d80a1f5fb4c3e82ce8a4f213b450a","98fa81992fb04e799c329eca220e7164","perception","other_question_type","Please describe the current scene.","There is one moving car in front of the ego car, one moving car behind the ego car, one parked car behind the ego car, one stopped bus behind the ego car, many moving pedestrians in front of the ego car, and one moving pedestrian to the front left of the ego car.","The scene is a busy street at night. There are many pedestrians and two cars behind the ego car.","0.1944","0.0","0.8702","4842.1","6","CAM_FRONT; CAM_FRONT_LEFT; CAM_FRONT_RIGHT; CAM_BACK; CAM_BACK_LEFT; CAM_BACK_RIGHT","D_incomplete","3.82"
"de7d80a1f5fb4c3e82ce8a4f213b450a","98fa81992fb04e799c329eca220e7164","perception","what_query","What is the relative positioning of the important objects in the current scene?","the vehicle in front camera is in front of the vehicle in back camera, the pedestrian in front camera is in front of the vehicle in back camera, and the pedestrian in front camera is behind the vehicle in front camera.","There are many pedestrians and two cars behind the ego car.","0.1538","0.0","0.8425","1768.2","2","CAM_FRONT; CAM_BACK","D_incomplete","3.82"
"de7d80a1f5fb4c3e82ce8a4f213b450a","98fa81992fb04e799c329eca220e7164","perception","yes_no","Is there any traffic element in the front view?","No, there are no traffic elements in the front view.","Yes.","0.0","0.0","0.9059","2597.3","6","CAM_FRONT; CAM_FRONT_LEFT; CAM_FRONT_RIGHT; CAM_BACK; CAM_BACK_LEFT; CAM_BACK_RIGHT","D_incomplete","3.82"
"de7d80a1f5fb4c3e82ce8a4f213b450a","98fa81992fb04e799c329eca220e7164","perception","what_query","What are the important objects in the current scene? Those objects will be considered for the future reasoning and driving decision.","There is a white sedan to the back of the ego vehicle, a white sedan to the front of the ego vehicle, and a walking person to the front of the ego vehicle. The IDs of these objects are the vehicle in back camera, the vehicle in front camera, and the pedestrian in front camera.","There are many pedestrians and two cars behind the ego car.","0.1212","0.0","0.854","1747.7","2","CAM_BACK; CAM_FRONT","D_incomplete","3.82"
"de7d80a1f5fb4c3e82ce8a4f213b450a","98fa81992fb04e799c329eca220e7164","perception","what_query","What is the observed status of the vehicle in back camera?","Moving.","Moving.","1.0","1.0","1.0","751.0","1","CAM_BACK","","3.82"
"de7d80a1f5fb4c3e82ce8a4f213b450a","98fa81992fb04e799c329eca220e7164","perception","what_query","What is the moving status of the vehicle in back camera?","Going ahead.","Moving.","0.0","0.0","0.9201","766.3","1","CAM_BACK","F_other","3.82"
"de7d80a1f5fb4c3e82ce8a4f213b450a","98fa81992fb04e799c329eca220e7164","perception","what_query","What is the observed status of the vehicle in front camera?","Moving.","Moving.","1.0","1.0","1.0","756.9","1","CAM_FRONT","","3.82"
"de7d80a1f5fb4c3e82ce8a4f213b450a","98fa81992fb04e799c329eca220e7164","perception","what_query","What is the moving status of the vehicle in front camera?","Going ahead.","Moving.","0.0","0.0","0.9201","747.5","1","CAM_FRONT","F_other","3.82"
"de7d80a1f5fb4c3e82ce8a4f213b450a","98fa81992fb04e799c329eca220e7164","perception","what_query","What is the observed status of the pedestrian in front camera?","Moving.","Moving.","1.0","1.0","1.0","739.6","1","CAM_FRONT","","3.82"
"de7d80a1f5fb4c3e82ce8a4f213b450a","98fa81992fb04e799c329eca220e7164","perception","what_query","What is the moving status of the pedestrian in front camera?","Going ahead.","Moving.","0.0","0.0","0.9201","749.4","1","CAM_FRONT","F_other","3.82"
"de7d80a1f5fb4c3e82ce8a4f213b450a","98fa81992fb04e799c329eca220e7164","perception","visual_description","What is the visual description of the vehicle in back camera?","White sedan.","Moving.","0.0","0.0","0.9247","751.7","1","CAM_BACK","F_other","3.82"
"de7d80a1f5fb4c3e82ce8a4f213b450a","98fa81992fb04e799c329eca220e7164","perception","visual_description","What is the visual description of the vehicle in front camera?","White sedan.","There is a white car in front of the ego car.","0.1538","0.0","0.8716","1241.9","1","CAM_FRONT","F_other","3.82"
"de7d80a1f5fb4c3e82ce8a4f213b450a","98fa81992fb04e799c329eca220e7164","perception","visual_description","What is the visual description of the pedestrian in front camera?","Walking person.","There is a person standing on the sidewalk.","0.2","0.0","0.909","1104.9","1","CAM_FRONT","F_other","3.82"
"de7d80a1f5fb4c3e82ce8a4f213b450a","98fa81992fb04e799c329eca220e7164","prediction","yes_no","Is the object in back camera a traffic sign or a road barrier?","No.","There are two cars in front of the object in back camera.","0.0","0.0","0.8741","1248.9","1","CAM_BACK","F_other","3.82"
"de7d80a1f5fb4c3e82ce8a4f213b450a","98fa81992fb04e799c329eca220e7164","prediction","which_query","Which object is most likely to be occluded by the vehicle in back camera? Would this object affect the ego vehicle? Based on this object, what action of the ego vehicle is dangerous?","None, no, none.","There are 2 cars to the back. The car in front camera is moving.","0.0","0.0","0.8399","4050.8","1","CAM_BACK","F_other","3.82"
"de7d80a1f5fb4c3e82ce8a4f213b450a","98fa81992fb04e799c329eca220e7164","prediction","other_question_type","Would the vehicle in back camera be in the moving direction of the ego vehicle?","No.","No.","1.0","1.0","1.0","722.6","1","CAM_BACK","","3.82"
"de7d80a1f5fb4c3e82ce8a4f213b450a","98fa81992fb04e799c329eca220e7164","prediction","what_query","What is the future state of the vehicle in back camera?","Keep going straight.","Moving.","0.0","0.0","0.9134","773.9","1","CAM_BACK","D_incomplete","3.82"
"de7d80a1f5fb4c3e82ce8a4f213b450a","98fa81992fb04e799c329eca220e7164","prediction","yes_no","Is the object in front camera a traffic sign or a road barrier?","No.","There are two objects in front camera.","0.0","0.0","0.8888","1094.7","1","CAM_FRONT","F_other","3.82"
"de7d80a1f5fb4c3e82ce8a4f213b450a","98fa81992fb04e799c329eca220e7164","prediction","which_query","Which object is most likely to be occluded by the vehicle in front camera? Would this object affect the ego vehicle? Based on this object, what action of the ego vehicle is dangerous?","None, no, none.","There are two traffic lights to the left. The ego vehicle is moving.","0.0","0.0","0.8398","1496.2","1","CAM_FRONT","F_other","3.82"
"de7d80a1f5fb4c3e82ce8a4f213b450a","98fa81992fb04e799c329eca220e7164","prediction","other_question_type","Would the vehicle in front camera be in the moving direction of the ego vehicle?","No.","Yes.","0.0","0.0","0.9945","777.0","1","CAM_FRONT","F_other","3.82"
"de7d80a1f5fb4c3e82ce8a4f213b450a","98fa81992fb04e799c329eca220e7164","prediction","what_query","What is the future state of the vehicle in front camera?","Keep going straight.","Moving.","0.0","0.0","0.9134","816.4","1","CAM_FRONT","D_incomplete","3.82"
"de7d80a1f5fb4c3e82ce8a4f213b450a","98fa81992fb04e799c329eca220e7164","prediction","yes_no","Is the object in front camera a traffic sign or a road barrier?","No.","There are two objects in front camera.","0.0","0.0","0.8888","1111.8","1","CAM_FRONT","F_other","3.82"
"de7d80a1f5fb4c3e82ce8a4f213b450a","98fa81992fb04e799c329eca220e7164","prediction","which_query","Which object is most likely to be occluded by the pedestrian in front camera? Would this object affect the ego vehicle? Based on this object, what action of the ego vehicle is dangerous?","None, no, none.","There are two pedestrians in front camera. One of them is carrying a handbag.","0.0","0.0","0.8372","5730.6","1","CAM_FRONT","F_other","3.82"
"de7d80a1f5fb4c3e82ce8a4f213b450a","98fa81992fb04e799c329eca220e7164","prediction","other_question_type","Would the pedestrian in front camera be in the moving direction of the ego vehicle?","No.","No.","1.0","1.0","1.0","764.8","1","CAM_FRONT","","3.82"
"de7d80a1f5fb4c3e82ce8a4f213b450a","98fa81992fb04e799c329eca220e7164","prediction","what_query","What is the future state of the pedestrian in front camera?","Keep going straight.","Moving.","0.0","0.0","0.9134","809.4","1","CAM_FRONT","D_incomplete","3.82"
"de7d80a1f5fb4c3e82ce8a4f213b450a","98fa81992fb04e799c329eca220e7164","prediction","what_query","What object should the ego vehicle notice first when the ego vehicle is getting to the next possible location? What is the state of the object that is first noticed by the ego vehicle and what action should the ego vehicle take? What object should the ego vehicle notice second when the ego vehicle is getting to the next possible location? What is the state of the object perceived by the ego vehicle as second and what action should the ego vehicle take? What object should the ego vehicle notice third? What is the state of the object perceived by the ego vehicle as third and what action should the ego vehicle take?","Firstly, notice the pedestrian in front camera. The object is going ahead, so the ego vehicle should keep going ahead at the same speed. Secondly, notice the vehicle in front camera. The object is going ahead, so the ego vehicle should keep going ahead at the same speed. Thirdly, notice the vehicle in back camera. The object is going ahead, so the ego vehicle should keep going ahead at the same speed.","There are 3 cars to the front. The ego vehicle should notice the first car first, which is parked. The ego vehicle should then notice the second car, which is moving. The ego vehicle should notice the third car, which is parked. The ego vehicle should plan to move forward.","0.3607","0.0","0.8758","4891.7","2","CAM_FRONT; CAM_BACK","","3.82"
"de7d80a1f5fb4c3e82ce8a4f213b450a","98fa81992fb04e799c329eca220e7164","prediction","yes_no","Are the object in front camera and the object in front camera traffic signs?","Neither is a traffic sign.","No.","0.0","0.0","0.8958","774.1","1","CAM_FRONT","D_incomplete","3.82"
"de7d80a1f5fb4c3e82ce8a4f213b450a","98fa81992fb04e799c329eca220e7164","prediction","future_state","Will the vehicle in front camera be in the moving direction of the pedestrian in front camera?","No.","No.","1.0","1.0","1.0","768.6","1","CAM_FRONT","","3.82"
"de7d80a1f5fb4c3e82ce8a4f213b450a","98fa81992fb04e799c329eca220e7164","prediction","future_state","Will the vehicle in front camera change its motion state based on the pedestrian in front camera?","No.","No.","1.0","1.0","1.0","738.9","1","CAM_FRONT","","3.82"
"de7d80a1f5fb4c3e82ce8a4f213b450a","98fa81992fb04e799c329eca220e7164","prediction","other_question_type","Based on the observations of the pedestrian in front camera, what are possible actions to be taken by the vehicle in front camera? What is the reason?","The action is to keep going at the same speed, and the reason is that there is no safety issue.","The pedestrian is walking on the sidewalk. The vehicle should be cautious and maintain a safe distance from the pedestrian to avoid any accidents. The reason is to ensure the safety of the pedestrian and comply with traffic rules.","0.2712","0.0","0.8691","3628.6","1","CAM_FRONT","F_other","3.82"
"de7d80a1f5fb4c3e82ce8a4f213b450a","98fa81992fb04e799c329eca220e7164","prediction","what_query","What object would consider the vehicle in front camera to be most relevant to its decision?","The ego vehicle.","The ego vehicle.","1.0","1.0","1.0","865.7","1","CAM_FRONT","","3.82"
"de7d80a1f5fb4c3e82ce8a4f213b450a","98fa81992fb04e799c329eca220e7164","prediction","other_question_type","Except for the ego vehicle, what object would consider the vehicle in front camera to be most relevant to its decision?","None.","None.","1.0","1.0","1.0","747.8","1","CAM_FRONT","","3.82"
"de7d80a1f5fb4c3e82ce8a4f213b450a","98fa81992fb04e799c329eca220e7164","prediction","what_query","What object would consider the pedestrian in front camera to be most relevant to its decision?","The ego vehicle.","There are 2 pedestrians to the left.","0.2","0.0","0.8788","1434.4","1","CAM_FRONT","F_other","3.82"
"de7d80a1f5fb4c3e82ce8a4f213b450a","98fa81992fb04e799c329eca220e7164","prediction","other_question_type","Except for the ego vehicle, what object would consider the pedestrian in front camera to be most relevant to its decision?","None.","None.","1.0","1.0","1.0","740.8","1","CAM_FRONT","","3.82"
"de7d80a1f5fb4c3e82ce8a4f213b450a","98fa81992fb04e799c329eca220e7164","prediction","yes_no","Are the object in front camera and the object in front camera traffic signs?","Neither is a traffic sign.","No.","0.0","0.0","0.8958","755.3","1","CAM_FRONT","D_incomplete","3.82"
"de7d80a1f5fb4c3e82ce8a4f213b450a","98fa81992fb04e799c329eca220e7164","prediction","future_state","Will the pedestrian in front camera be in the moving direction of the vehicle in front camera?","No.","No.","1.0","1.0","1.0","728.7","1","CAM_FRONT","","3.82"
"de7d80a1f5fb4c3e82ce8a4f213b450a","98fa81992fb04e799c329eca220e7164","prediction","future_state","Will the pedestrian in front camera change its motion state based on the vehicle in front camera?","No.","No.","1.0","1.0","1.0","715.1","1","CAM_FRONT","","3.82"
"de7d80a1f5fb4c3e82ce8a4f213b450a","98fa81992fb04e799c329eca220e7164","prediction","other_question_type","Based on the observations of the vehicle in front camera, what are possible actions to be taken by the pedestrian in front camera? What is the reason?","The action is to keep going at the same speed; the reason is that there is no safety issue.","The pedestrian should wait for the vehicle to pass or stop before crossing the street. The reason is that the vehicle is moving in the opposite direction, and the pedestrian is in front of the vehicle.","0.2909","0.0","0.8709","4030.7","1","CAM_FRONT","F_other","3.82"
"de7d80a1f5fb4c3e82ce8a4f213b450a","98fa81992fb04e799c329eca220e7164","prediction","what_query","What object would consider the pedestrian in front camera to be most relevant to its decision?","The ego vehicle.","There are 2 pedestrians to the left.","0.2","0.0","0.8788","1203.2","1","CAM_FRONT","F_other","3.82"
"de7d80a1f5fb4c3e82ce8a4f213b450a","98fa81992fb04e799c329eca220e7164","prediction","other_question_type","Except for the ego vehicle, what object would consider the pedestrian in front camera to be most relevant to its decision?","None.","None.","1.0","1.0","1.0","708.0","1","CAM_FRONT","","3.82"
"de7d80a1f5fb4c3e82ce8a4f213b450a","98fa81992fb04e799c329eca220e7164","prediction","what_query","What object would consider the vehicle in front camera to be most relevant to its decision?","The ego vehicle.","The ego vehicle.","1.0","1.0","1.0","871.3","1","CAM_FRONT","","3.82"
"de7d80a1f5fb4c3e82ce8a4f213b450a","98fa81992fb04e799c329eca220e7164","prediction","other_question_type","Except for the ego vehicle, what object would consider the vehicle in front camera to be most relevant to its decision?","None.","None.","1.0","1.0","1.0","722.5","1","CAM_FRONT","","3.82"
"de7d80a1f5fb4c3e82ce8a4f213b450a","98fa81992fb04e799c329eca220e7164","planning","yes_no","Is the vehicle in back camera an object that the ego vehicle should consider in the current scene?","No.","Yes.","0.0","0.0","0.9945","2856.5","6","CAM_FRONT; CAM_FRONT_LEFT; CAM_FRONT_RIGHT; CAM_BACK; CAM_BACK_LEFT; CAM_BACK_RIGHT","E_planning_error","3.82"
"de7d80a1f5fb4c3e82ce8a4f213b450a","98fa81992fb04e799c329eca220e7164","planning","what_query","What actions could the ego vehicle take based on the vehicle in back camera? Why take this action and what's the probability?","The action is to keep going at the same speed. The reason is to avoid a collision, which is high in probability.","High.","0.087","0.0","0.8727","4778.8","6","CAM_FRONT; CAM_FRONT_LEFT; CAM_FRONT_RIGHT; CAM_BACK; CAM_BACK_LEFT; CAM_BACK_RIGHT","D_incomplete","3.82"
"de7d80a1f5fb4c3e82ce8a4f213b450a","98fa81992fb04e799c329eca220e7164","planning","what_query","What is the probability of colliding with the vehicle in back camera after the ego vehicle goes straight and keeps the same speed?","Low.","Low.","1.0","1.0","1.0","2777.6","6","CAM_FRONT; CAM_FRONT_LEFT; CAM_FRONT_RIGHT; CAM_BACK; CAM_BACK_LEFT; CAM_BACK_RIGHT","","3.82"
"de7d80a1f5fb4c3e82ce8a4f213b450a","98fa81992fb04e799c329eca220e7164","planning","what_query","What actions taken by the ego vehicle can lead to a collision with the vehicle in back camera?","Brake suddenly.","Accelerate and go straight actions taken by the ego vehicle can lead to a collision with the vehicle in back camera.","0.0","0.0","0.8333","4320.9","6","CAM_FRONT; CAM_FRONT_LEFT; CAM_FRONT_RIGHT; CAM_BACK; CAM_BACK_LEFT; CAM_BACK_RIGHT","A_hallucination","3.82"
"de7d80a1f5fb4c3e82ce8a4f213b450a","98fa81992fb04e799c329eca220e7164","planning","yes_no","Is the vehicle in front camera an object that the ego vehicle should consider in the current scene?","Yes.","Yes.","1.0","1.0","1.0","2821.9","6","CAM_FRONT; CAM_FRONT_LEFT; CAM_FRONT_RIGHT; CAM_BACK; CAM_BACK_LEFT; CAM_BACK_RIGHT","","3.82"
"de7d80a1f5fb4c3e82ce8a4f213b450a","98fa81992fb04e799c329eca220e7164","planning","what_query","What actions could the ego vehicle take based on the vehicle in front camera? Why take this action and what's the probability?","The action is to keep going at the same speed. The reason is that there is no safety issue, with a high probability.","Low.","0.0","0.0","0.8757","5009.5","6","CAM_FRONT; CAM_FRONT_LEFT; CAM_FRONT_RIGHT; CAM_BACK; CAM_BACK_LEFT; CAM_BACK_RIGHT","D_incomplete","3.82"
"de7d80a1f5fb4c3e82ce8a4f213b450a","98fa81992fb04e799c329eca220e7164","planning","what_query","What is the probability of colliding with the vehicle in front camera after the ego vehicle goes straight and keeps the same speed?","Low.","Low.","1.0","1.0","1.0","2838.7","6","CAM_FRONT; CAM_FRONT_LEFT; CAM_FRONT_RIGHT; CAM_BACK; CAM_BACK_LEFT; CAM_BACK_RIGHT","","3.82"
"de7d80a1f5fb4c3e82ce8a4f213b450a","98fa81992fb04e799c329eca220e7164","planning","what_query","What actions taken by the ego vehicle can lead to a collision with the vehicle in front camera?","Accelerating and going straight.","Accelerate and go straight actions taken by the ego vehicle can lead to a collision with the vehicle in front camera.","0.32","0.0","0.8764","4576.7","6","CAM_FRONT; CAM_FRONT_LEFT; CAM_FRONT_RIGHT; CAM_BACK; CAM_BACK_LEFT; CAM_BACK_RIGHT","","3.82"
"de7d80a1f5fb4c3e82ce8a4f213b450a","98fa81992fb04e799c329eca220e7164","planning","yes_no","Is the pedestrian in front camera an object that the ego vehicle should consider in the current scene?","Yes.","Yes.","1.0","1.0","1.0","2848.0","6","CAM_FRONT; CAM_FRONT_LEFT; CAM_FRONT_RIGHT; CAM_BACK; CAM_BACK_LEFT; CAM_BACK_RIGHT","","3.82"
"de7d80a1f5fb4c3e82ce8a4f213b450a","98fa81992fb04e799c329eca220e7164","planning","what_query","What actions could the ego vehicle take based on the pedestrian in front camera? Why take this action and what's the probability?","The action is to keep going at the same speed. The reason is that there is no safety issue. The probability is high.","Low.","0.0","0.0","0.879","4753.9","6","CAM_FRONT; CAM_FRONT_LEFT; CAM_FRONT_RIGHT; CAM_BACK; CAM_BACK_LEFT; CAM_BACK_RIGHT","D_incomplete","3.82"
"de7d80a1f5fb4c3e82ce8a4f213b450a","98fa81992fb04e799c329eca220e7164","planning","what_query","What is the probability of colliding with the pedestrian in front camera after the ego vehicle goes straight and keeps the same speed?","Low.","Low.","1.0","1.0","1.0","2793.9","6","CAM_FRONT; CAM_FRONT_LEFT; CAM_FRONT_RIGHT; CAM_BACK; CAM_BACK_LEFT; CAM_BACK_RIGHT","","3.82"
"de7d80a1f5fb4c3e82ce8a4f213b450a","98fa81992fb04e799c329eca220e7164","planning","what_query","What actions taken by the ego vehicle can lead to a collision with the pedestrian in front camera?","Slight left turn.","The ego vehicle is accelerating and going straight.","0.0","0.0","0.8634","3658.8","6","CAM_FRONT; CAM_FRONT_LEFT; CAM_FRONT_RIGHT; CAM_BACK; CAM_BACK_LEFT; CAM_BACK_RIGHT","E_planning_error","3.82"
"de7d80a1f5fb4c3e82ce8a4f213b450a","98fa81992fb04e799c329eca220e7164","planning","what_query","What is the traffic signal that the ego vehicle should pay attention to?","None.","The traffic signal that the ego vehicle should pay attention to is the one in the front left camera.","0.0","0.0","0.8778","3718.2","6","CAM_FRONT; CAM_FRONT_LEFT; CAM_FRONT_RIGHT; CAM_BACK; CAM_BACK_LEFT; CAM_BACK_RIGHT","A_hallucination","3.82"
"de7d80a1f5fb4c3e82ce8a4f213b450a","98fa81992fb04e799c329eca220e7164","planning","what_query","What is the target action of the ego vehicle?","Go straight.","The target action of the ego vehicle is to keep going at the same speed.","0.1176","0.0","0.8667","3528.4","6","CAM_FRONT; CAM_FRONT_LEFT; CAM_FRONT_RIGHT; CAM_BACK; CAM_BACK_LEFT; CAM_BACK_RIGHT","E_planning_error","3.82"
"de7d80a1f5fb4c3e82ce8a4f213b450a","98fa81992fb04e799c329eca220e7164","planning","other_question_type","In this scenario, what are safe actions to take for the ego vehicle?","Decelerate gradually without braking.","In this scenario, the ego vehicle should maintain a safe distance from the vehicle in front camera. This can be achieved by accelerating and going straight.","0.0","0.0","0.855","5161.2","6","CAM_FRONT; CAM_FRONT_LEFT; CAM_FRONT_RIGHT; CAM_BACK; CAM_BACK_LEFT; CAM_BACK_RIGHT","A_hallucination","3.82"
"de7d80a1f5fb4c3e82ce8a4f213b450a","98fa81992fb04e799c329eca220e7164","planning","other_question_type","In this scenario, what are dangerous actions to take for the ego vehicle?","Accelerate and go ahead, brake suddenly.","In this scenario, the ego vehicle should avoid accelerating and going straight, as these actions can lead to a collision with the vehicle in front camera. Instead, the vehicle should maintain a safe distance by keeping going at the same speed.","0.1277","0.0","0.8415","5859.6","6","CAM_FRONT; CAM_FRONT_LEFT; CAM_FRONT_RIGHT; CAM_BACK; CAM_BACK_LEFT; CAM_BACK_RIGHT","A_hallucination","3.82"
"de7d80a1f5fb4c3e82ce8a4f213b450a","98fa81992fb04e799c329eca220e7164","planning","what_query","What is the priority of the objects that the ego vehicle should consider?(in descending order)","the pedestrian in front camera, the vehicle in front camera, the vehicle in back camera.","There are 5 vehicles to the left.","0.1818","0.0","0.8671","3539.7","6","CAM_FRONT; CAM_FRONT_LEFT; CAM_FRONT_RIGHT; CAM_BACK; CAM_BACK_LEFT; CAM_BACK_RIGHT","C_wrong_camera","3.82"
"de7d80a1f5fb4c3e82ce8a4f213b450a","98fa81992fb04e799c329eca220e7164","planning","what_query","What's your comment on this scene?","There is nothing particularly noteworthy about this scene, the road is quite empty.","The scene shows a car driving down a street at night. The car is in motion, and there are multiple cameras capturing the view.","0.1622","0.0","0.8746","9762.5","6","CAM_FRONT; CAM_FRONT_LEFT; CAM_FRONT_RIGHT; CAM_BACK; CAM_BACK_LEFT; CAM_BACK_RIGHT","E_planning_error","3.82"
"de7d80a1f5fb4c3e82ce8a4f213b450a","98fa81992fb04e799c329eca220e7164","behavior","ego_behavior_prediction","Predict the behavior of the ego vehicle.","The ego vehicle is going straight. The ego vehicle is driving very fast.","The ego vehicle is going straight. The ego vehicle is driving fast.","0.96","0.0","0.99","3433.2","6","CAM_FRONT; CAM_FRONT_LEFT; CAM_FRONT_RIGHT; CAM_BACK; CAM_BACK_LEFT; CAM_BACK_RIGHT","","3.82"
"0287702725184161af95373198546a59","a5168eb6ba6c4618875f8837ee6cb9e0","perception","object_enumeration","What are objects to the back left of the ego car?","There are many barriers, many traffic cones, and one construction vehicle to the back left of the ego car.","There are two cars behind the ego car.","0.3704","0.0","0.9087","3154.0","6","CAM_FRONT; CAM_FRONT_LEFT; CAM_FRONT_RIGHT; CAM_BACK; CAM_BACK_LEFT; CAM_BACK_RIGHT","","3.82"
"0287702725184161af95373198546a59","a5168eb6ba6c4618875f8837ee6cb9e0","perception","object_enumeration","What are objects to the front of the ego car?","There are many cars and one pedestrian in front of the ego car.","There are two cars and a pedestrian in front of the ego car.","0.8462","0.0","0.9749","3538.7","6","CAM_FRONT; CAM_FRONT_LEFT; CAM_FRONT_RIGHT; CAM_BACK; CAM_BACK_LEFT; CAM_BACK_RIGHT","","3.82"
"0287702725184161af95373198546a59","a5168eb6ba6c4618875f8837ee6cb9e0","perception","status_query","What is the status of the cars that are to the front of the ego car?","Many cars are parked, and one is moving.","There are two cars in front of the ego car.","0.1111","0.0","0.8934","3277.4","6","CAM_FRONT; CAM_FRONT_LEFT; CAM_FRONT_RIGHT; CAM_BACK; CAM_BACK_LEFT; CAM_BACK_RIGHT","F_other","3.82"
"0287702725184161af95373198546a59","a5168eb6ba6c4618875f8837ee6cb9e0","perception","object_enumeration","What are objects to the front right of the ego car?","There is one trailer, one truck, one car, two barriers, and one traffic cone to the front right of the ego car.","There are two cars and a pedestrian to the front right of the ego car.","0.5946","0.0","0.9264","3712.0","6","CAM_FRONT; CAM_FRONT_LEFT; CAM_FRONT_RIGHT; CAM_BACK; CAM_BACK_LEFT; CAM_BACK_RIGHT","","3.82"
"0287702725184161af95373198546a59","a5168eb6ba6c4618875f8837ee6cb9e0","perception","status_query","What is the status of the trailer that is to the front right of the ego car?","One trailer is moving.","Moving.","0.4","0.0","0.9025","2755.1","6","CAM_FRONT; CAM_FRONT_LEFT; CAM_FRONT_RIGHT; CAM_BACK; CAM_BACK_LEFT; CAM_BACK_RIGHT","","3.82"
"0287702725184161af95373198546a59","a5168eb6ba6c4618875f8837ee6cb9e0","perception","object_enumeration","What are objects to the front left of the ego car?","There are three barriers, one pedestrian, two trucks, three cars, and one traffic cone to the front left of the ego car.","There are two cars and a pedestrian to the front left of the ego car.","0.7027","0.0","0.936","3569.4","6","CAM_FRONT; CAM_FRONT_LEFT; CAM_FRONT_RIGHT; CAM_BACK; CAM_BACK_LEFT; CAM_BACK_RIGHT","","3.82"
"0287702725184161af95373198546a59","a5168eb6ba6c4618875f8837ee6cb9e0","perception","status_query","What is the status of the pedestrian that is to the front of the ego car?","The pedestrian in front of the ego car is standing.","There is a pedestrian walking in front of the ego car.","0.6667","0.0","0.9546","3419.6","6","CAM_FRONT; CAM_FRONT_LEFT; CAM_FRONT_RIGHT; CAM_BACK; CAM_BACK_LEFT; CAM_BACK_RIGHT","","3.82"
"0287702725184161af95373198546a59","a5168eb6ba6c4618875f8837ee6cb9e0","perception","object_enumeration","What are objects to the back of the ego car?","There are one car and two trucks to the back of the ego car.","There are many pedestrians and two cars behind the ego car.","0.56","0.0","0.9311","3442.9","6","CAM_FRONT; CAM_FRONT_LEFT; CAM_FRONT_RIGHT; CAM_BACK; CAM_BACK_LEFT; CAM_BACK_RIGHT","","3.82"
"0287702725184161af95373198546a59","a5168eb6ba6c4618875f8837ee6cb9e0","perception","status_query","What is the status of the car that is to the back of the ego car?","One car is moving.","Moving.","0.4","0.0","0.901","2783.0","6","CAM_FRONT; CAM_FRONT_LEFT; CAM_FRONT_RIGHT; CAM_BACK; CAM_BACK_LEFT; CAM_BACK_RIGHT","","3.82"
"0287702725184161af95373198546a59","a5168eb6ba6c4618875f8837ee6cb9e0","perception","status_query","What is the status of the truck that is to the front right of the ego car?","One truck is moving.","Moving.","0.4","0.0","0.9016","2783.1","6","CAM_FRONT; CAM_FRONT_LEFT; CAM_FRONT_RIGHT; CAM_BACK; CAM_BACK_LEFT; CAM_BACK_RIGHT","","3.82"
"0287702725184161af95373198546a59","a5168eb6ba6c4618875f8837ee6cb9e0","perception","status_query","What is the status of the pedestrian that is to the front left of the ego car?","The pedestrian to the front left of the ego car is moving.","Moving.","0.1538","0.0","0.8744","2756.4","6","CAM_FRONT; CAM_FRONT_LEFT; CAM_FRONT_RIGHT; CAM_BACK; CAM_BACK_LEFT; CAM_BACK_RIGHT","D_incomplete","3.82"
"0287702725184161af95373198546a59","a5168eb6ba6c4618875f8837ee6cb9e0","perception","status_query","What is the status of the trucks that are to the front left of the ego car?","One of the trucks is moving, and one is parked.","There are two trucks to the front left of the ego car.","0.1818","0.0","0.8826","3489.9","6","CAM_FRONT; CAM_FRONT_LEFT; CAM_FRONT_RIGHT; CAM_BACK; CAM_BACK_LEFT; CAM_BACK_RIGHT","F_other","3.82"
"0287702725184161af95373198546a59","a5168eb6ba6c4618875f8837ee6cb9e0","perception","status_query","What is the status of the cars that are to the front left of the ego car?","One of the cars is moving, and two are parked.","There are two cars behind the ego car.","0.2222","0.0","0.8928","3187.0","6","CAM_FRONT; CAM_FRONT_LEFT; CAM_FRONT_RIGHT; CAM_BACK; CAM_BACK_LEFT; CAM_BACK_RIGHT","F_other","3.82"
"0287702725184161af95373198546a59","a5168eb6ba6c4618875f8837ee6cb9e0","perception","status_query","What is the status of the car that is to the front right of the ego car?","One car is moving.","Moving.","0.4","0.0","0.901","2742.8","6","CAM_FRONT; CAM_FRONT_LEFT; CAM_FRONT_RIGHT; CAM_BACK; CAM_BACK_LEFT; CAM_BACK_RIGHT","","3.82"
"0287702725184161af95373198546a59","a5168eb6ba6c4618875f8837ee6cb9e0","perception","status_query","What is the status of the construction vehicle that is to the back left of the ego car?","One construction vehicle is parked.","Moving.","0.0","0.0","0.8826","2731.9","6","CAM_FRONT; CAM_FRONT_LEFT; CAM_FRONT_RIGHT; CAM_BACK; CAM_BACK_LEFT; CAM_BACK_RIGHT","B_wrong_status","3.82"
"0287702725184161af95373198546a59","a5168eb6ba6c4618875f8837ee6cb9e0","perception","status_query","What is the status of the trucks that are to the back of the ego car?","One of the trucks is moving, and one is parked.","There are two trucks behind the ego car.","0.1111","0.0","0.8864","3270.6","6","CAM_FRONT; CAM_FRONT_LEFT; CAM_FRONT_RIGHT; CAM_BACK; CAM_BACK_LEFT; CAM_BACK_RIGHT","F_other","3.82"
"0287702725184161af95373198546a59","a5168eb6ba6c4618875f8837ee6cb9e0","perception","yes_no","Are there motorcycles without riders to the back right of the ego car?","No.","No.","1.0","1.0","1.0","2587.1","6","CAM_FRONT; CAM_FRONT_LEFT; CAM_FRONT_RIGHT; CAM_BACK; CAM_BACK_LEFT; CAM_BACK_RIGHT","","3.82"
"0287702725184161af95373198546a59","a5168eb6ba6c4618875f8837ee6cb9e0","perception","yes_no","Are there moving trucks to the front of the ego car?","No.","Yes.","0.0","0.0","0.9945","2600.8","6","CAM_FRONT; CAM_FRONT_LEFT; CAM_FRONT_RIGHT; CAM_BACK; CAM_BACK_LEFT; CAM_BACK_RIGHT","F_other","3.82"
"0287702725184161af95373198546a59","a5168eb6ba6c4618875f8837ee6cb9e0","perception","yes_no","Are there parked trailers to the back left of the ego car?","No.","No.","1.0","1.0","1.0","2589.7","6","CAM_FRONT; CAM_FRONT_LEFT; CAM_FRONT_RIGHT; CAM_BACK; CAM_BACK_LEFT; CAM_BACK_RIGHT","","3.82"
"0287702725184161af95373198546a59","a5168eb6ba6c4618875f8837ee6cb9e0","perception","yes_no","Are there barriers to the back left of the ego car?","Yes.","No.","0.0","0.0","0.9945","2595.9","6","CAM_FRONT; CAM_FRONT_LEFT; CAM_FRONT_RIGHT; CAM_BACK; CAM_BACK_LEFT; CAM_BACK_RIGHT","F_other","3.82"
"0287702725184161af95373198546a59","a5168eb6ba6c4618875f8837ee6cb9e0","perception","yes_no","Are there barriers to the front right of the ego car?","Yes.","No.","0.0","0.0","0.9945","2599.9","6","CAM_FRONT; CAM_FRONT_LEFT; CAM_FRONT_RIGHT; CAM_BACK; CAM_BACK_LEFT; CAM_BACK_RIGHT","F_other","3.82"
"0287702725184161af95373198546a59","a5168eb6ba6c4618875f8837ee6cb9e0","perception","yes_no","Are there traffic cones to the back left of the ego car?","Yes.","No.","0.0","0.0","0.9945","2605.2","6","CAM_FRONT; CAM_FRONT_LEFT; CAM_FRONT_RIGHT; CAM_BACK; CAM_BACK_LEFT; CAM_BACK_RIGHT","F_other","3.82"
"0287702725184161af95373198546a59","a5168eb6ba6c4618875f8837ee6cb9e0","perception","yes_no","Are there parked cars to the front of the ego car?","Yes.","No.","0.0","0.0","0.9945","2616.6","6","CAM_FRONT; CAM_FRONT_LEFT; CAM_FRONT_RIGHT; CAM_BACK; CAM_BACK_LEFT; CAM_BACK_RIGHT","F_other","3.82"
"0287702725184161af95373198546a59","a5168eb6ba6c4618875f8837ee6cb9e0","perception","yes_no","Are there parked trucks to the front left of the ego car?","Yes.","No.","0.0","0.0","0.9945","2602.8","6","CAM_FRONT; CAM_FRONT_LEFT; CAM_FRONT_RIGHT; CAM_BACK; CAM_BACK_LEFT; CAM_BACK_RIGHT","F_other","3.82"
"0287702725184161af95373198546a59","a5168eb6ba6c4618875f8837ee6cb9e0","perception","yes_no","Are there parked cars to the front left of the ego car?","Yes.","No.","0.0","0.0","0.9945","2559.6","6","CAM_FRONT; CAM_FRONT_LEFT; CAM_FRONT_RIGHT; CAM_BACK; CAM_BACK_LEFT; CAM_BACK_RIGHT","F_other","3.82"
"0287702725184161af95373198546a59","a5168eb6ba6c4618875f8837ee6cb9e0","perception","yes_no","Are there parked construction vehicles to the back left of the ego car?","Yes.","Yes.","1.0","1.0","1.0","2543.0","6","CAM_FRONT; CAM_FRONT_LEFT; CAM_FRONT_RIGHT; CAM_BACK; CAM_BACK_LEFT; CAM_BACK_RIGHT","","3.82"
"0287702725184161af95373198546a59","a5168eb6ba6c4618875f8837ee6cb9e0","perception","yes_no","Are there standing pedestrians to the front of the ego car?","Yes.","Yes.","1.0","1.0","1.0","2566.0","6","CAM_FRONT; CAM_FRONT_LEFT; CAM_FRONT_RIGHT; CAM_BACK; CAM_BACK_LEFT; CAM_BACK_RIGHT","","3.82"
"0287702725184161af95373198546a59","a5168eb6ba6c4618875f8837ee6cb9e0","perception","yes_no","Are there moving trucks to the front left of the ego car?","Yes.","Yes.","1.0","1.0","1.0","2578.5","6","CAM_FRONT; CAM_FRONT_LEFT; CAM_FRONT_RIGHT; CAM_BACK; CAM_BACK_LEFT; CAM_BACK_RIGHT","","3.82"
"0287702725184161af95373198546a59","a5168eb6ba6c4618875f8837ee6cb9e0","perception","yes_no","Are there barriers to the front left of the ego car?","Yes.","No.","0.0","0.0","0.9945","2590.3","6","CAM_FRONT; CAM_FRONT_LEFT; CAM_FRONT_RIGHT; CAM_BACK; CAM_BACK_LEFT; CAM_BACK_RIGHT","F_other","3.82"
"0287702725184161af95373198546a59","a5168eb6ba6c4618875f8837ee6cb9e0","perception","yes_no","Are there traffic cones to the front right of the ego car?","Yes.","No.","0.0","0.0","0.9945","2595.3","6","CAM_FRONT; CAM_FRONT_LEFT; CAM_FRONT_RIGHT; CAM_BACK; CAM_BACK_LEFT; CAM_BACK_RIGHT","F_other","3.82"
"0287702725184161af95373198546a59","a5168eb6ba6c4618875f8837ee6cb9e0","perception","yes_no","Are there moving cars to the back of the ego car?","Yes.","Yes.","1.0","1.0","1.0","2591.3","6","CAM_FRONT; CAM_FRONT_LEFT; CAM_FRONT_RIGHT; CAM_BACK; CAM_BACK_LEFT; CAM_BACK_RIGHT","","3.82"
"0287702725184161af95373198546a59","a5168eb6ba6c4618875f8837ee6cb9e0","perception","yes_no","Are there moving cars to the front of the ego car?","Yes.","Yes.","1.0","1.0","1.0","2604.4","6","CAM_FRONT; CAM_FRONT_LEFT; CAM_FRONT_RIGHT; CAM_BACK; CAM_BACK_LEFT; CAM_BACK_RIGHT","","3.82"
"0287702725184161af95373198546a59","a5168eb6ba6c4618875f8837ee6cb9e0","perception","other_question_type","Please describe the current scene.","There is one moving car behind the ego car, many parked cars in front of the ego car, one parked car to the front left of the ego car, one parked truck behind the ego car, one moving truck behind the ego car, one barrier to the front left of the ego car, two barriers to the front right of the ego car, two barriers to the back left of the ego car, one pedestrian standing in front of the ego car, and one traffic cone to the front right of the ego car.","The scene is a busy street with multiple cars and pedestrians. There are two cars behind the ego car, and many pedestrians are standing and moving.","0.1667","0.0","0.8577","4807.2","6","CAM_FRONT; CAM_FRONT_LEFT; CAM_FRONT_RIGHT; CAM_BACK; CAM_BACK_LEFT; CAM_BACK_RIGHT","B_wrong_status","3.82"
"0287702725184161af95373198546a59","a5168eb6ba6c4618875f8837ee6cb9e0","perception","what_query","What is the relative positioning of the important objects in the current scene?","the vehicle in front-left camera is in front of the vehicle in back camera, the vehicle in front-right camera is in front of the vehicle in back camera, the vehicle in front-left camera is on the front left of the vehicle in back camera, the vehicle in back camera is on the back left of the vehicle in back camera, the vehicle in front-right camera is on the front right of the vehicle in front-left camera, the vehicle in back camera is in the back of the vehicle in front-left camera, the vehicle in front-left camera is on the back right of the vehicle in front-left camera, the vehicle in front-left camera is in front of the vehicle in back camera, the vehicle in front-right camera is in front of the vehicle in back camera and the vehicle in front-right camera is on the front right of the vehicle in front-left camera.","The ego car is in the foreground, and there are many pedestrians and two cars behind it.","0.0552","0.0","0.8143","2467.8","3","CAM_FRONT_LEFT; CAM_BACK; CAM_FRONT_RIGHT","D_incomplete","3.82"
"0287702725184161af95373198546a59","a5168eb6ba6c4618875f8837ee6cb9e0","perception","yes_no","Is there any traffic element in the front view?","Yes, there are traffic elements in the front view.","No.","0.0","0.0","0.9102","2540.9","6","CAM_FRONT; CAM_FRONT_LEFT; CAM_FRONT_RIGHT; CAM_BACK; CAM_BACK_LEFT; CAM_BACK_RIGHT","D_incomplete","3.82"
"0287702725184161af95373198546a59","a5168eb6ba6c4618875f8837ee6cb9e0","perception","planning_other","Identify all the traffic elements in the front view, categorize them, determine their status, and predict the bounding box around each one. The output should be a list formatted as (c, s, x1, y1, x2, y2), where c represents the category, s denotes the status, and x1, y1, x2, y2 are the offsets of the top-left and bottom-right corners of the box relative to the center point.","There are many traffic elements in the front view. The information of these traffic elements is [(traffic light, red, 353.68, 300.75, 376.28, 342.94), (traffic light, red, 454.5, 301.98, 474.83, 345.55), (traffic light, red, 738.87, 423.28, 753.57, 437.33), (traffic light, red, 1131.99, 231.55, 1156.73, 332.07), (traffic light, unknown, 1535.48, 92.37, 1587.38, 190.21)].","","0.0","0.0","","10467.2","6","CAM_FRONT; CAM_FRONT_LEFT; CAM_FRONT_RIGHT; CAM_BACK; CAM_BACK_LEFT; CAM_BACK_RIGHT","D_incomplete","3.82"
"0287702725184161af95373198546a59","a5168eb6ba6c4618875f8837ee6cb9e0","perception","which_query","Which lanes are each important object on in the scene?","the vehicle in back camera is on the ego lane, the vehicle in back camera is on the left lane, and the vehicle in front-left camera is also on the left lane.","Cam Back: There are two lanes to the back of the ego car. Cam Front Left: There are two lanes to the front of the ego car.","0.3333","0.0","0.8692","2751.9","2","CAM_BACK; CAM_FRONT_LEFT","","3.82"
"0287702725184161af95373198546a59","a5168eb6ba6c4618875f8837ee6cb9e0","perception","what_query","What are the important objects in the current scene? Those objects will be considered for the future reasoning and driving decision.","There is a silver SUV to the back of the ego vehicle, a white truck to the front left of the ego vehicle, a silver pickup truck to the back of the ego vehicle, a blue sedan to the front left of the ego vehicle, a silver SUV to the front right of the ego vehicle, and a black traffic light to the front of the ego vehicle. The IDs of these objects are the vehicle in back camera, the vehicle in front-left camera, the vehicle in back camera, the vehicle in front-left camera, the vehicle in front-right camera, and the traffic element in front camera.","There are many pedestrians and two cars behind the ego car.","0.0667","0.0","0.8237","2626.2","4","CAM_BACK; CAM_FRONT_LEFT; CAM_FRONT_RIGHT; CAM_FRONT","D_incomplete","3.82"
"0287702725184161af95373198546a59","a5168eb6ba6c4618875f8837ee6cb9e0","perception","what_query","What is the observed status of the vehicle in back camera?","Stationary.","Moving.","0.0","0.0","0.9269","796.5","1","CAM_BACK","B_wrong_status","3.82"
"0287702725184161af95373198546a59","a5168eb6ba6c4618875f8837ee6cb9e0","perception","what_query","What is the observed status of the vehicle in front-left camera?","Moving.","Moving.","1.0","1.0","1.0","821.5","1","CAM_FRONT_LEFT","","3.82"
"0287702725184161af95373198546a59","a5168eb6ba6c4618875f8837ee6cb9e0","perception","what_query","What is the moving status of the vehicle in front-left camera?","Going ahead.","Moving.","0.0","0.0","0.9201","857.1","1","CAM_FRONT_LEFT","F_other","3.82"
"0287702725184161af95373198546a59","a5168eb6ba6c4618875f8837ee6cb9e0","perception","what_query","What is the observed status of the vehicle in back camera?","Stationary.","Moving.","0.0","0.0","0.9269","813.9","1","CAM_BACK","B_wrong_status","3.82"
"0287702725184161af95373198546a59","a5168eb6ba6c4618875f8837ee6cb9e0","perception","what_query","What is the observed status of the vehicle in front-left camera?","Stationary.","Moving.","0.0","0.0","0.9269","797.7","1","CAM_FRONT_LEFT","B_wrong_status","3.82"
"0287702725184161af95373198546a59","a5168eb6ba6c4618875f8837ee6cb9e0","perception","what_query","What is the observed status of the vehicle in front-right camera?","Moving.","Moving.","1.0","1.0","1.0","833.9","1","CAM_FRONT_RIGHT","","3.82"
"0287702725184161af95373198546a59","a5168eb6ba6c4618875f8837ee6cb9e0","perception","what_query","What is the moving status of the vehicle in front-right camera?","Going ahead.","Moving.","0.0","0.0","0.9201","810.8","1","CAM_FRONT_RIGHT","F_other","3.82"
"0287702725184161af95373198546a59","a5168eb6ba6c4618875f8837ee6cb9e0","perception","visual_description","What is the visual description of the vehicle in back camera?","Silver SUV.","Moving.","0.0","0.0","0.9249","821.5","1","CAM_BACK","F_other","3.82"
"0287702725184161af95373198546a59","a5168eb6ba6c4618875f8837ee6cb9e0","perception","visual_description","What is the visual description of the vehicle in front-left camera?","White truck.","There is a large truck in front of the car.","0.1667","0.0","0.9033","1364.7","1","CAM_FRONT_LEFT","F_other","3.82"
"0287702725184161af95373198546a59","a5168eb6ba6c4618875f8837ee6cb9e0","perception","visual_description","What is the visual description of the vehicle in back camera?","Silver pickup truck.","Moving.","0.0","0.0","0.9031","799.5","1","CAM_BACK","D_incomplete","3.82"
"0287702725184161af95373198546a59","a5168eb6ba6c4618875f8837ee6cb9e0","perception","visual_description","What is the visual description of the vehicle in front-left camera?","Blue sedan.","There is a large truck in front of the car.","0.0","0.0","0.8777","1453.3","1","CAM_FRONT_LEFT","F_other","3.82"
"0287702725184161af95373198546a59","a5168eb6ba6c4618875f8837ee6cb9e0","perception","visual_description","What is the visual description of the vehicle in front-right camera?","Silver SUV.","There is a white car in front of the ego car.","0.0","0.0","0.87","1529.0","1","CAM_FRONT_RIGHT","F_other","3.82"
"0287702725184161af95373198546a59","a5168eb6ba6c4618875f8837ee6cb9e0","perception","visual_description","What is the visual description of the traffic element in front camera?","Black traffic light.","There are two cars behind the ego car.","0.0","0.0","0.8726","1252.8","1","CAM_FRONT","F_other","3.82"
"0287702725184161af95373198546a59","a5168eb6ba6c4618875f8837ee6cb9e0","prediction","yes_no","Is the object in back camera a traffic sign or a road barrier?","No.","There are two cars in front of the ego vehicle.","0.0","0.0","0.8877","1446.5","1","CAM_BACK","F_other","3.82"
"0287702725184161af95373198546a59","a5168eb6ba6c4618875f8837ee6cb9e0","prediction","other_question_type","Would the vehicle in back camera be in the moving direction of the ego vehicle?","No.","No.","1.0","1.0","1.0","751.3","1","CAM_BACK","","3.82"
"0287702725184161af95373198546a59","a5168eb6ba6c4618875f8837ee6cb9e0","prediction","what_query","What is the future state of the vehicle in back camera?","Stationary.","Moving.","0.0","0.0","0.9269","776.8","1","CAM_BACK","B_wrong_status","3.82"
"0287702725184161af95373198546a59","a5168eb6ba6c4618875f8837ee6cb9e0","prediction","yes_no","Is the object in front-left camera a traffic sign or a road barrier?","No.","There are no traffic signs or road barriers in the front-left camera view.","0.1333","0.0","0.8808","1739.9","1","CAM_FRONT_LEFT","F_other","3.82"
"0287702725184161af95373198546a59","a5168eb6ba6c4618875f8837ee6cb9e0","prediction","which_query","Which object is most likely to be occluded by the vehicle in front-left camera? Would this object affect the ego vehicle? Based on this object, what action of the ego vehicle is dangerous?","None, no, none.","There is a truck in front of the car. The truck is most likely to be occluded by the vehicle in front-left camera. This would affect the ego vehicle's decision-making process. The ego vehicle is moving.","0.0","0.0","0.8247","4179.6","1","CAM_FRONT_LEFT","A_hallucination","3.82"
"0287702725184161af95373198546a59","a5168eb6ba6c4618875f8837ee6cb9e0","prediction","other_question_type","Would the vehicle in front-left camera be in the moving direction of the ego vehicle?","Yes.","No.","0.0","0.0","0.9945","777.9","1","CAM_FRONT_LEFT","F_other","3.82"
"0287702725184161af95373198546a59","a5168eb6ba6c4618875f8837ee6cb9e0","prediction","what_query","What is the future state of the vehicle in front-left camera?","Keep going straight.","Moving","0.0","0.0","0.8638","790.3","1","CAM_FRONT_LEFT","D_incomplete","3.82"
"0287702725184161af95373198546a59","a5168eb6ba6c4618875f8837ee6cb9e0","prediction","yes_no","Is the object in back camera a traffic sign or a road barrier?","No.","There are two cars in front of the ego vehicle.","0.0","0.0","0.8877","1512.7","1","CAM_BACK","F_other","3.82"
"0287702725184161af95373198546a59","a5168eb6ba6c4618875f8837ee6cb9e0","prediction","other_question_type","Would the vehicle in back camera be in the moving direction of the ego vehicle?","No.","No.","1.0","1.0","1.0","789.4","1","CAM_BACK","","3.82"
"0287702725184161af95373198546a59","a5168eb6ba6c4618875f8837ee6cb9e0","prediction","what_query","What is the future state of the vehicle in back camera?","Stationary.","Moving.","0.0","0.0","0.9269","875.4","1","CAM_BACK","B_wrong_status","3.82"
"0287702725184161af95373198546a59","a5168eb6ba6c4618875f8837ee6cb9e0","prediction","yes_no","Is the object in front-left camera a traffic sign or a road barrier?","No.","There are no traffic signs or road barriers in the front-left camera view.","0.1333","0.0","0.8808","1564.6","1","CAM_FRONT_LEFT","F_other","3.82"
"0287702725184161af95373198546a59","a5168eb6ba6c4618875f8837ee6cb9e0","prediction","other_question_type","Would the vehicle in front-left camera be in the moving direction of the ego vehicle?","No.","No.","1.0","1.0","1.0","735.0","1","CAM_FRONT_LEFT","","3.82"
"0287702725184161af95373198546a59","a5168eb6ba6c4618875f8837ee6cb9e0","prediction","what_query","What is the future state of the vehicle in front-left camera?","Stationary.","Moving","0.0","0.0","0.8905","713.8","1","CAM_FRONT_LEFT","B_wrong_status","3.82"
"0287702725184161af95373198546a59","a5168eb6ba6c4618875f8837ee6cb9e0","prediction","yes_no","Is the object in front-right camera a traffic sign or a road barrier?","No.","There is a road barrier in front-right camera.","0.0","0.0","0.8845","1214.0","1","CAM_FRONT_RIGHT","F_other","3.82"
"0287702725184161af95373198546a59","a5168eb6ba6c4618875f8837ee6cb9e0","prediction","which_query","Which object is most likely to be occluded by the vehicle in front-right camera? Would this object affect the ego vehicle? Based on this object, what action of the ego vehicle is dangerous?","None, no, none.","There is a truck in front of the ego vehicle. The truck is most likely to be occluded by the vehicle in front-right camera.","0.0","0.0","0.8252","4826.6","1","CAM_FRONT_RIGHT","A_hallucination","3.82"
"0287702725184161af95373198546a59","a5168eb6ba6c4618875f8837ee6cb9e0","prediction","other_question_type","Would the vehicle in front-right camera be in the moving direction of the ego vehicle?","No.","No.","1.0","1.0","1.0","732.5","1","CAM_FRONT_RIGHT","","3.82"
"0287702725184161af95373198546a59","a5168eb6ba6c4618875f8837ee6cb9e0","prediction","what_query","What is the future state of the vehicle in front-right camera?","Keep going straight.","Moving.","0.0","0.0","0.9134","765.6","1","CAM_FRONT_RIGHT","D_incomplete","3.82"
"0287702725184161af95373198546a59","a5168eb6ba6c4618875f8837ee6cb9e0","prediction","yes_no","Is the object in front camera a traffic sign or a road barrier?","Yes.","No.","0.0","0.0","0.9945","713.9","1","CAM_FRONT","F_other","3.82"
"0287702725184161af95373198546a59","a5168eb6ba6c4618875f8837ee6cb9e0","prediction","other_question_type","Would the traffic element in front camera be in the moving direction of the ego vehicle?","No.","No.","1.0","1.0","1.0","709.4","1","CAM_FRONT","","3.82"
"0287702725184161af95373198546a59","a5168eb6ba6c4618875f8837ee6cb9e0","prediction","what_query","What does the traffic element in front camera mean?","No entry.","None.","0.0","0.0","0.9196","712.5","1","CAM_FRONT","F_other","3.82"
"0287702725184161af95373198546a59","a5168eb6ba6c4618875f8837ee6cb9e0","prediction","other_question_type","In this scenario, what object is most likely to consider the traffic element in front camera?","The ego vehicle.","None.","0.0","0.0","0.9128","721.2","1","CAM_FRONT","D_incomplete","3.82"
"0287702725184161af95373198546a59","a5168eb6ba6c4618875f8837ee6cb9e0","prediction","what_query","What object should the ego vehicle notice first when the ego vehicle is getting to the next possible location? What is the state of the object that is first noticed by the ego vehicle and what action should the ego vehicle take? What object should the ego vehicle notice second when the ego vehicle is getting to the next possible location? What is the state of the object perceived by the ego vehicle as second and what action should the ego vehicle take? What object should the ego vehicle notice third? What is the state of the object perceived by the ego vehicle as third and what action should the ego vehicle take?","Firstly, notice the traffic element in front camera. The object is a traffic sign, so the ego vehicle should decelerate gradually until it comes to a stop. Secondly, notice the vehicle in front-right camera. The object is going ahead, so the ego vehicle should keep stationary. Thirdly, notice the vehicle in front-left camera. The object is going ahead, so the ego vehicle should keep stationary.","There are 3 traffic lights to the front camera.","0.1316","0.0","0.8564","1920.2","3","CAM_FRONT; CAM_FRONT_RIGHT; CAM_FRONT_LEFT","C_wrong_camera","3.82"
"0287702725184161af95373198546a59","a5168eb6ba6c4618875f8837ee6cb9e0","prediction","yes_no","Are the object in front camera and the object in front-left camera traffic signs?","Only one of the boxes is a traffic sign.","No.","0.0","0.0","0.8834","1029.2","2","CAM_FRONT; CAM_FRONT_LEFT","D_incomplete","3.82"
"0287702725184161af95373198546a59","a5168eb6ba6c4618875f8837ee6cb9e0","prediction","future_state","Will the traffic element in front camera be in the moving direction of the vehicle in front-left camera?","Yes.","No.","0.0","0.0","0.9945","1062.1","2","CAM_FRONT; CAM_FRONT_LEFT","F_other","3.82"
"0287702725184161af95373198546a59","a5168eb6ba6c4618875f8837ee6cb9e0","prediction","other_question_type","Would the vehicle in front-left camera take the traffic element in front camera into account?","Yes.","No.","0.0","0.0","0.9945","1042.9","2","CAM_FRONT_LEFT; CAM_FRONT","F_other","3.82"
"0287702725184161af95373198546a59","a5168eb6ba6c4618875f8837ee6cb9e0","prediction","what_query","What object would consider the traffic element in front camera to be most relevant to its decision?","The ego vehicle.","None.","0.0","0.0","0.9128","696.7","1","CAM_FRONT","D_incomplete","3.82"
"0287702725184161af95373198546a59","a5168eb6ba6c4618875f8837ee6cb9e0","prediction","other_question_type","Except for the ego vehicle, what object would consider the traffic element in front camera to be most relevant to its decision?","the vehicle in front-left camera.","None.","0.0","0.0","0.8783","1041.5","2","CAM_FRONT; CAM_FRONT_LEFT","D_incomplete","3.82"
"0287702725184161af95373198546a59","a5168eb6ba6c4618875f8837ee6cb9e0","prediction","what_query","What object would consider the vehicle in front-left camera to be most relevant to its decision?","the vehicle in back camera.","There are two vehicles to the left.","0.1667","0.0","0.8907","1312.5","2","CAM_FRONT_LEFT; CAM_BACK","C_wrong_camera","3.82"
"0287702725184161af95373198546a59","a5168eb6ba6c4618875f8837ee6cb9e0","prediction","yes_no","Are the object in back camera and the object in front-left camera traffic signs?","Neither is a traffic sign.","No.","0.0","0.0","0.8958","1045.7","2","CAM_BACK; CAM_FRONT_LEFT","D_incomplete","3.82"
"0287702725184161af95373198546a59","a5168eb6ba6c4618875f8837ee6cb9e0","prediction","future_state","Will the vehicle in back camera be in the moving direction of the vehicle in front-left camera?","No.","No.","1.0","1.0","1.0","1070.4","2","CAM_BACK; CAM_FRONT_LEFT","","3.82"
"0287702725184161af95373198546a59","a5168eb6ba6c4618875f8837ee6cb9e0","prediction","future_state","Will the vehicle in back camera change its motion state based on the vehicle in front-left camera?","No.","No.","1.0","1.0","1.0","1054.3","2","CAM_BACK; CAM_FRONT_LEFT","","3.82"
"0287702725184161af95373198546a59","a5168eb6ba6c4618875f8837ee6cb9e0","prediction","other_question_type","Based on the observations of the vehicle in front-left camera, what are possible actions to be taken by the vehicle in back camera? What is the reason?","The action is none, the reason is that there is no safety issue.","The vehicle in back camera should consider the ego vehicle to be most relevant to its decision. The ego vehicle is moving, so the back camera should be prepared for the possibility of the ego vehicle changing lanes or making a turn.","0.1091","0.0","0.8499","4546.8","2","CAM_FRONT_LEFT; CAM_BACK","A_hallucination","3.82"
"0287702725184161af95373198546a59","a5168eb6ba6c4618875f8837ee6cb9e0","prediction","what_query","What object would consider the vehicle in back camera to be most relevant to its decision?","None.","There are two cars to the right.","0.0","0.0","0.8979","1080.4","1","CAM_BACK","F_other","3.82"
"0287702725184161af95373198546a59","a5168eb6ba6c4618875f8837ee6cb9e0","prediction","what_query","What object would consider the vehicle in front-left camera to be most relevant to its decision?","The ego vehicle.","The ego vehicle.","1.0","1.0","1.0","940.6","1","CAM_FRONT_LEFT","","3.82"
"0287702725184161af95373198546a59","a5168eb6ba6c4618875f8837ee6cb9e0","prediction","other_question_type","Except for the ego vehicle, what object would consider the vehicle in front-left camera to be most relevant to its decision?","the vehicle in front-left camera.","None.","0.0","0.0","0.8783","762.9","1","CAM_FRONT_LEFT","D_incomplete","3.82"
"0287702725184161af95373198546a59","a5168eb6ba6c4618875f8837ee6cb9e0","prediction","what_query","What kind of traffic sign is the object in front camera?","Traffic lights.","None.","0.0","0.0","0.926","758.4","1","CAM_FRONT","F_other","3.82"
"0287702725184161af95373198546a59","a5168eb6ba6c4618875f8837ee6cb9e0","planning","yes_no","Is the vehicle in back camera an object that the ego vehicle should consider in the current scene?","No.","Yes.","0.0","0.0","0.9945","2876.4","6","CAM_FRONT; CAM_FRONT_LEFT; CAM_FRONT_RIGHT; CAM_BACK; CAM_BACK_LEFT; CAM_BACK_RIGHT","E_planning_error","3.82"
"0287702725184161af95373198546a59","a5168eb6ba6c4618875f8837ee6cb9e0","planning","what_query","What actions could the ego vehicle take based on the vehicle in back camera? Why take this action and what's the probability?","The action is to remain stationary. The reason is to follow the traffic rules, which is highly probable.","High.","0.0","0.0","0.8808","5124.9","6","CAM_FRONT; CAM_FRONT_LEFT; CAM_FRONT_RIGHT; CAM_BACK; CAM_BACK_LEFT; CAM_BACK_RIGHT","D_incomplete","3.82"
"0287702725184161af95373198546a59","a5168eb6ba6c4618875f8837ee6cb9e0","planning","what_query","What is the probability of colliding with the vehicle in back camera after the ego vehicle goes straight and keeps the same speed?","Low.","Low.","1.0","1.0","1.0","2844.8","6","CAM_FRONT; CAM_FRONT_LEFT; CAM_FRONT_RIGHT; CAM_BACK; CAM_BACK_LEFT; CAM_BACK_RIGHT","","3.82"
"0287702725184161af95373198546a59","a5168eb6ba6c4618875f8837ee6cb9e0","planning","what_query","What actions taken by the ego vehicle can lead to a collision with the vehicle in back camera?","Back up.","Accelerate and go straight actions taken by the ego vehicle can lead to a collision with the vehicle in back camera.","0.087","0.0","0.8538","4434.7","6","CAM_FRONT; CAM_FRONT_LEFT; CAM_FRONT_RIGHT; CAM_BACK; CAM_BACK_LEFT; CAM_BACK_RIGHT","A_hallucination","3.82"
"0287702725184161af95373198546a59","a5168eb6ba6c4618875f8837ee6cb9e0","planning","yes_no","Is the vehicle in front-left camera an object that the ego vehicle should consider in the current scene?","No.","Yes.","0.0","0.0","0.9945","2811.7","6","CAM_FRONT; CAM_FRONT_LEFT; CAM_FRONT_RIGHT; CAM_BACK; CAM_BACK_LEFT; CAM_BACK_RIGHT","E_planning_error","3.82"
"0287702725184161af95373198546a59","a5168eb6ba6c4618875f8837ee6cb9e0","planning","what_query","What actions could the ego vehicle take based on the vehicle in front-left camera? Why take this action and what's the probability?","The action is to remain stationary. The reason is to follow traffic rules. The probability is high.","Low.","0.0","0.0","0.8852","4961.2","6","CAM_FRONT; CAM_FRONT_LEFT; CAM_FRONT_RIGHT; CAM_BACK; CAM_BACK_LEFT; CAM_BACK_RIGHT","D_incomplete","3.82"
"0287702725184161af95373198546a59","a5168eb6ba6c4618875f8837ee6cb9e0","planning","what_query","What is the probability of colliding with the vehicle in front-left camera after the ego vehicle steps on the brakes?","Low.","Low.","1.0","1.0","1.0","2853.3","6","CAM_FRONT; CAM_FRONT_LEFT; CAM_FRONT_RIGHT; CAM_BACK; CAM_BACK_LEFT; CAM_BACK_RIGHT","","3.82"
"0287702725184161af95373198546a59","a5168eb6ba6c4618875f8837ee6cb9e0","planning","what_query","What actions taken by the ego vehicle can lead to a collision with the vehicle in front-left camera?","Accelerating and going straight.","Accelerate and go straight actions taken by the ego vehicle can lead to a collision with the vehicle in front-left camera.","0.3077","0.0","0.874","4484.4","6","CAM_FRONT; CAM_FRONT_LEFT; CAM_FRONT_RIGHT; CAM_BACK; CAM_BACK_LEFT; CAM_BACK_RIGHT","","3.82"
"0287702725184161af95373198546a59","a5168eb6ba6c4618875f8837ee6cb9e0","planning","yes_no","Is the vehicle in back camera an object that the ego vehicle should consider in the current scene?","No.","Yes.","0.0","0.0","0.9945","2848.0","6","CAM_FRONT; CAM_FRONT_LEFT; CAM_FRONT_RIGHT; CAM_BACK; CAM_BACK_LEFT; CAM_BACK_RIGHT","E_planning_error","3.82"
"0287702725184161af95373198546a59","a5168eb6ba6c4618875f8837ee6cb9e0","planning","what_query","What actions could the ego vehicle take based on the vehicle in back camera? Why take this action and what's the probability?","The action is to keep stationary. The reason is to follow the traffic rules, which is high probability.","High.","0.1053","0.0","0.8791","4827.6","6","CAM_FRONT; CAM_FRONT_LEFT; CAM_FRONT_RIGHT; CAM_BACK; CAM_BACK_LEFT; CAM_BACK_RIGHT","D_incomplete","3.82"
"0287702725184161af95373198546a59","a5168eb6ba6c4618875f8837ee6cb9e0","planning","what_query","What is the probability of colliding with the vehicle in back camera after the ego vehicle goes straight and keeps the same speed?","Low.","Low.","1.0","1.0","1.0","2883.6","6","CAM_FRONT; CAM_FRONT_LEFT; CAM_FRONT_RIGHT; CAM_BACK; CAM_BACK_LEFT; CAM_BACK_RIGHT","","3.82"
"0287702725184161af95373198546a59","a5168eb6ba6c4618875f8837ee6cb9e0","planning","yes_no","Is the vehicle in front-left camera an object that the ego vehicle should consider in the current scene?","No.","Yes.","0.0","0.0","0.9945","2782.4","6","CAM_FRONT; CAM_FRONT_LEFT; CAM_FRONT_RIGHT; CAM_BACK; CAM_BACK_LEFT; CAM_BACK_RIGHT","E_planning_error","3.82"
"0287702725184161af95373198546a59","a5168eb6ba6c4618875f8837ee6cb9e0","planning","what_query","What actions could the ego vehicle take based on the vehicle in front-left camera? Why take this action and what's the probability?","The action is to remain stationary. The reason for taking this action is to follow traffic rules, with a high probability.","Low.","0.0","0.0","0.8773","4668.0","6","CAM_FRONT; CAM_FRONT_LEFT; CAM_FRONT_RIGHT; CAM_BACK; CAM_BACK_LEFT; CAM_BACK_RIGHT","D_incomplete","3.82"
"0287702725184161af95373198546a59","a5168eb6ba6c4618875f8837ee6cb9e0","planning","what_query","What is the probability of colliding with the vehicle in front-left camera after the ego vehicle goes straight and keeps the same speed?","Low.","Low.","1.0","1.0","1.0","2856.7","6","CAM_FRONT; CAM_FRONT_LEFT; CAM_FRONT_RIGHT; CAM_BACK; CAM_BACK_LEFT; CAM_BACK_RIGHT","","3.82"
"0287702725184161af95373198546a59","a5168eb6ba6c4618875f8837ee6cb9e0","planning","what_query","What actions taken by the ego vehicle can lead to a collision with the vehicle in front-left camera?","Sharp left turn.","Accelerate and go straight actions taken by the ego vehicle can lead to a collision with the vehicle in front-left camera.","0.08","0.0","0.8485","4461.2","6","CAM_FRONT; CAM_FRONT_LEFT; CAM_FRONT_RIGHT; CAM_BACK; CAM_BACK_LEFT; CAM_BACK_RIGHT","A_hallucination","3.82"
"0287702725184161af95373198546a59","a5168eb6ba6c4618875f8837ee6cb9e0","planning","yes_no","Is the vehicle in front-right camera an object that the ego vehicle should consider in the current scene?","No.","Yes.","0.0","0.0","0.9945","2853.8","6","CAM_FRONT; CAM_FRONT_LEFT; CAM_FRONT_RIGHT; CAM_BACK; CAM_BACK_LEFT; CAM_BACK_RIGHT","E_planning_error","3.82"
"0287702725184161af95373198546a59","a5168eb6ba6c4618875f8837ee6cb9e0","planning","what_query","What actions could the ego vehicle take based on the vehicle in front-right camera? Why take this action and what's the probability?","The action is to remain stationary, the reason is to follow the traffic rules, high.","Low.","0.0","0.0","0.8762","4723.1","6","CAM_FRONT; CAM_FRONT_LEFT; CAM_FRONT_RIGHT; CAM_BACK; CAM_BACK_LEFT; CAM_BACK_RIGHT","D_incomplete","3.82"
"0287702725184161af95373198546a59","a5168eb6ba6c4618875f8837ee6cb9e0","planning","what_query","What is the probability of colliding with the vehicle in front-right camera after the ego vehicle goes straight and keeps the same speed?","Low.","Low.","1.0","1.0","1.0","2864.4","6","CAM_FRONT; CAM_FRONT_LEFT; CAM_FRONT_RIGHT; CAM_BACK; CAM_BACK_LEFT; CAM_BACK_RIGHT","","3.82"
"0287702725184161af95373198546a59","a5168eb6ba6c4618875f8837ee6cb9e0","planning","what_query","What actions taken by the ego vehicle can lead to a collision with the vehicle in front-right camera?","No action taken by the ego vehicle will lead to a collision with the vehicle in front-right camera.","Accelerate and go straight actions taken by the ego vehicle can lead to a collision with the vehicle in front-right camera.","0.8293","0.0","0.9515","4606.8","6","CAM_FRONT; CAM_FRONT_LEFT; CAM_FRONT_RIGHT; CAM_BACK; CAM_BACK_LEFT; CAM_BACK_RIGHT","","3.82"
"0287702725184161af95373198546a59","a5168eb6ba6c4618875f8837ee6cb9e0","planning","yes_no","Is it necessary for the ego vehicle to take the traffic element in front camera into account?","Yes.","Yes.","1.0","1.0","1.0","2797.4","6","CAM_FRONT; CAM_FRONT_LEFT; CAM_FRONT_RIGHT; CAM_BACK; CAM_BACK_LEFT; CAM_BACK_RIGHT","","3.82"
"0287702725184161af95373198546a59","a5168eb6ba6c4618875f8837ee6cb9e0","planning","other_question_type","Based on the traffic element in front camera in this scene, what is the most possible action of the ego vehicle?","Brake gently to a stop.","The most possible action of the ego vehicle is to accelerate and go straight.","0.1053","0.0","0.8444","4017.1","6","CAM_FRONT; CAM_FRONT_LEFT; CAM_FRONT_RIGHT; CAM_BACK; CAM_BACK_LEFT; CAM_BACK_RIGHT","E_planning_error","3.82"
"0287702725184161af95373198546a59","a5168eb6ba6c4618875f8837ee6cb9e0","planning","what_query","What is the traffic signal that the ego vehicle should pay attention to?","Red light.","The traffic signal that the ego vehicle should pay attention to is the one in the front left camera.","0.0","0.0","0.8734","3718.8","6","CAM_FRONT; CAM_FRONT_LEFT; CAM_FRONT_RIGHT; CAM_BACK; CAM_BACK_LEFT; CAM_BACK_RIGHT","A_hallucination","3.82"
"0287702725184161af95373198546a59","a5168eb6ba6c4618875f8837ee6cb9e0","planning","what_query","What is the target action of the ego vehicle?","Stationary.","The target action of the ego vehicle is to keep going at the same speed. The reason is to maintain a safe distance, which is high.","0.0","0.0","0.8439","4177.9","6","CAM_FRONT; CAM_FRONT_LEFT; CAM_FRONT_RIGHT; CAM_BACK; CAM_BACK_LEFT; CAM_BACK_RIGHT","A_hallucination","3.82"
"0287702725184161af95373198546a59","a5168eb6ba6c4618875f8837ee6cb9e0","planning","other_question_type","In this scenario, what are safe actions to take for the ego vehicle?","Brake gently to a stop; brake suddenly.","In this scenario, the ego vehicle should maintain a safe distance from the vehicle in front camera. This can be achieved by accelerating and going straight.","0.0606","0.0","0.8423","4968.4","6","CAM_FRONT; CAM_FRONT_LEFT; CAM_FRONT_RIGHT; CAM_BACK; CAM_BACK_LEFT; CAM_BACK_RIGHT","A_hallucination","3.82"
"0287702725184161af95373198546a59","a5168eb6ba6c4618875f8837ee6cb9e0","planning","other_question_type","In this scenario, what are dangerous actions to take for the ego vehicle?","Turning left, backing up, changing to the left lane, accelerating, and going ahead are dangerous actions to take for the ego vehicle in this scenario.","High.","0.0","0.0","0.862","5766.2","6","CAM_FRONT; CAM_FRONT_LEFT; CAM_FRONT_RIGHT; CAM_BACK; CAM_BACK_LEFT; CAM_BACK_RIGHT","D_incomplete","3.82"
"0287702725184161af95373198546a59","a5168eb6ba6c4618875f8837ee6cb9e0","planning","what_query","What is the priority of the objects that the ego vehicle should consider?(in descending order)","The priority of the objects that the ego vehicle should consider in descending order is the traffic element in front camera, the vehicle in front-right camera, the vehicle in front-left camera, the vehicle in front-left camera, the vehicle in back camera, the vehicle in back camera.","There are 5 vehicles to the left.","0.1071","0.0","0.845","3610.7","6","CAM_FRONT; CAM_FRONT_LEFT; CAM_FRONT_RIGHT; CAM_BACK; CAM_BACK_LEFT; CAM_BACK_RIGHT","C_wrong_camera","3.82"
"0287702725184161af95373198546a59","a5168eb6ba6c4618875f8837ee6cb9e0","planning","other_question_type","Based on the observation of the traffic element in front camera, what actions may the vehicle in front-left camera take?","Decelerate gradually until it comes to a stop.","The vehicle in front-left camera may take the action of accelerating and going straight to maintain a safe distance from the vehicle in front camera.","0.1176","0.0","0.8543","4475.8","6","CAM_FRONT; CAM_FRONT_LEFT; CAM_FRONT_RIGHT; CAM_BACK; CAM_BACK_LEFT; CAM_BACK_RIGHT","A_hallucination","3.82"
"0287702725184161af95373198546a59","a5168eb6ba6c4618875f8837ee6cb9e0","planning","what_query","What actions taken by the ego vehicle can lead to a collision with the vehicle in back camera?","Reversing to the left rear can lead to a collision with the vehicle in back camera.","Accelerate and go straight actions taken by the ego vehicle can lead to a collision with the vehicle in back camera.","0.6486","0.0","0.9195","4369.6","6","CAM_FRONT; CAM_FRONT_LEFT; CAM_FRONT_RIGHT; CAM_BACK; CAM_BACK_LEFT; CAM_BACK_RIGHT","","3.82"
"0287702725184161af95373198546a59","a5168eb6ba6c4618875f8837ee6cb9e0","behavior","ego_behavior_prediction","Predict the behavior of the ego vehicle.","The ego vehicle is going straight. The ego vehicle is not moving.","The ego vehicle is going straight. The ego vehicle is driving fast.","0.8333","0.0","0.9741","3448.2","6","CAM_FRONT; CAM_FRONT_LEFT; CAM_FRONT_RIGHT; CAM_BACK; CAM_BACK_LEFT; CAM_BACK_RIGHT","","3.82"
"0287702725184161af95373198546a59","eae59f83bcbb49d8a01ba55f8c618b7d","perception","object_enumeration","What are objects to the back left of the ego car?","There are many barriers, many traffic cones, one construction vehicle, and one truck to the back left of the ego car.","There are two cars behind the ego car.","0.3448","0.0","0.9042","3177.9","6","CAM_FRONT; CAM_FRONT_LEFT; CAM_FRONT_RIGHT; CAM_BACK; CAM_BACK_LEFT; CAM_BACK_RIGHT","","3.82"
"0287702725184161af95373198546a59","eae59f83bcbb49d8a01ba55f8c618b7d","perception","object_enumeration","What are objects to the front of the ego car?","There are many cars and one pedestrian in front of the ego car.","There are two cars and a pedestrian in front of the ego car.","0.8462","0.0","0.9749","3524.3","6","CAM_FRONT; CAM_FRONT_LEFT; CAM_FRONT_RIGHT; CAM_BACK; CAM_BACK_LEFT; CAM_BACK_RIGHT","","3.82"
"0287702725184161af95373198546a59","eae59f83bcbb49d8a01ba55f8c618b7d","perception","status_query","What is the status of the cars that are to the front of the ego car?","Many cars are parked, and two are moving.","There are two cars in front of the ego car.","0.2222","0.0","0.8974","3282.9","6","CAM_FRONT; CAM_FRONT_LEFT; CAM_FRONT_RIGHT; CAM_BACK; CAM_BACK_LEFT; CAM_BACK_RIGHT","F_other","3.82"
"0287702725184161af95373198546a59","eae59f83bcbb49d8a01ba55f8c618b7d","perception","object_enumeration","What are objects to the front right of the ego car?","There is one car, one truck, two barriers, and one traffic cone to the front right of the ego car.","There are two cars and a pedestrian to the front right of the ego car.","0.6286","0.0","0.9407","3611.6","6","CAM_FRONT; CAM_FRONT_LEFT; CAM_FRONT_RIGHT; CAM_BACK; CAM_BACK_LEFT; CAM_BACK_RIGHT","","3.82"
"0287702725184161af95373198546a59","eae59f83bcbb49d8a01ba55f8c618b7d","perception","status_query","What is the status of the car that is to the front right of the ego car?","One car is moving.","Moving.","0.4","0.0","0.901","2735.8","6","CAM_FRONT; CAM_FRONT_LEFT; CAM_FRONT_RIGHT; CAM_BACK; CAM_BACK_LEFT; CAM_BACK_RIGHT","","3.82"
"0287702725184161af95373198546a59","eae59f83bcbb49d8a01ba55f8c618b7d","perception","object_enumeration","What are objects to the front left of the ego car?","There are two trailers, three barriers, many trucks, one pedestrian, three cars, and one traffic cone to the front left of the ego car.","There are two cars and a pedestrian to the front left of the ego car.","0.6667","0.0","0.9326","3528.1","6","CAM_FRONT; CAM_FRONT_LEFT; CAM_FRONT_RIGHT; CAM_BACK; CAM_BACK_LEFT; CAM_BACK_RIGHT","","3.82"
"0287702725184161af95373198546a59","eae59f83bcbb49d8a01ba55f8c618b7d","perception","status_query","What is the status of the trailers that are to the front left of the ego car?","Two trailers are moving.","There are two trailers to the front left of the ego car.","0.25","0.0","0.8939","3368.5","6","CAM_FRONT; CAM_FRONT_LEFT; CAM_FRONT_RIGHT; CAM_BACK; CAM_BACK_LEFT; CAM_BACK_RIGHT","F_other","3.82"
"0287702725184161af95373198546a59","eae59f83bcbb49d8a01ba55f8c618b7d","perception","status_query","What is the status of the trucks that are to the front left of the ego car?","Three of the trucks are moving, and one is parked.","There are two trucks to the front left of the ego car.","0.1818","0.0","0.8876","3442.9","6","CAM_FRONT; CAM_FRONT_LEFT; CAM_FRONT_RIGHT; CAM_BACK; CAM_BACK_LEFT; CAM_BACK_RIGHT","F_other","3.82"
"0287702725184161af95373198546a59","eae59f83bcbb49d8a01ba55f8c618b7d","perception","status_query","What is the status of the pedestrian that is to the front of the ego car?","The pedestrian in front of the ego car is standing.","There is a pedestrian walking in front of the ego car.","0.6667","0.0","0.9546","3369.1","6","CAM_FRONT; CAM_FRONT_LEFT; CAM_FRONT_RIGHT; CAM_BACK; CAM_BACK_LEFT; CAM_BACK_RIGHT","","3.82"
"0287702725184161af95373198546a59","eae59f83bcbb49d8a01ba55f8c618b7d","perception","status_query","What is the status of the pedestrian that is to the front left of the ego car?","One pedestrian is moving.","Moving.","0.4","0.0","0.9064","2779.8","6","CAM_FRONT; CAM_FRONT_LEFT; CAM_FRONT_RIGHT; CAM_BACK; CAM_BACK_LEFT; CAM_BACK_RIGHT","","3.82"
"0287702725184161af95373198546a59","eae59f83bcbb49d8a01ba55f8c618b7d","perception","status_query","What is the status of the truck that is to the front right of the ego car?","One truck is moving.","Moving.","0.4","0.0","0.9016","2776.1","6","CAM_FRONT; CAM_FRONT_LEFT; CAM_FRONT_RIGHT; CAM_BACK; CAM_BACK_LEFT; CAM_BACK_RIGHT","","3.82"
"0287702725184161af95373198546a59","eae59f83bcbb49d8a01ba55f8c618b7d","perception","status_query","What is the status of the construction vehicle that is to the back left of the ego car?","One construction vehicle is parked.","Moving.","0.0","0.0","0.8826","2777.5","6","CAM_FRONT; CAM_FRONT_LEFT; CAM_FRONT_RIGHT; CAM_BACK; CAM_BACK_LEFT; CAM_BACK_RIGHT","B_wrong_status","3.82"
"0287702725184161af95373198546a59","eae59f83bcbb49d8a01ba55f8c618b7d","perception","status_query","What is the status of the cars that are to the front left of the ego car?","One of the cars is moving, and two are parked.","There are two cars behind the ego car.","0.2222","0.0","0.8928","3169.9","6","CAM_FRONT; CAM_FRONT_LEFT; CAM_FRONT_RIGHT; CAM_BACK; CAM_BACK_LEFT; CAM_BACK_RIGHT","F_other","3.82"
"0287702725184161af95373198546a59","eae59f83bcbb49d8a01ba55f8c618b7d","perception","object_enumeration","What are objects to the back of the ego car?","There is one truck and one car behind the ego car.","There are many pedestrians and two cars behind the ego car.","0.6364","0.0","0.9424","3433.5","6","CAM_FRONT; CAM_FRONT_LEFT; CAM_FRONT_RIGHT; CAM_BACK; CAM_BACK_LEFT; CAM_BACK_RIGHT","","3.82"
"0287702725184161af95373198546a59","eae59f83bcbb49d8a01ba55f8c618b7d","perception","status_query","What is the status of the truck that is to the back of the ego car?","One truck is moving.","Moving.","0.4","0.0","0.9016","2711.7","6","CAM_FRONT; CAM_FRONT_LEFT; CAM_FRONT_RIGHT; CAM_BACK; CAM_BACK_LEFT; CAM_BACK_RIGHT","","3.82"
"0287702725184161af95373198546a59","eae59f83bcbb49d8a01ba55f8c618b7d","perception","status_query","What is the status of the truck that is to the back left of the ego car?","One truck is moving.","Moving.","0.4","0.0","0.9016","2722.3","6","CAM_FRONT; CAM_FRONT_LEFT; CAM_FRONT_RIGHT; CAM_BACK; CAM_BACK_LEFT; CAM_BACK_RIGHT","","3.82"
"0287702725184161af95373198546a59","eae59f83bcbb49d8a01ba55f8c618b7d","perception","status_query","What is the status of the car that is to the back of the ego car?","One car is parked.","Moving.","0.0","0.0","0.8945","2776.4","6","CAM_FRONT; CAM_FRONT_LEFT; CAM_FRONT_RIGHT; CAM_BACK; CAM_BACK_LEFT; CAM_BACK_RIGHT","B_wrong_status","3.82"
"0287702725184161af95373198546a59","eae59f83bcbb49d8a01ba55f8c618b7d","perception","yes_no","Are there barriers to the back left of the ego car?","Yes.","No.","0.0","0.0","0.9945","2591.2","6","CAM_FRONT; CAM_FRONT_LEFT; CAM_FRONT_RIGHT; CAM_BACK; CAM_BACK_LEFT; CAM_BACK_RIGHT","F_other","3.82"
"0287702725184161af95373198546a59","eae59f83bcbb49d8a01ba55f8c618b7d","perception","yes_no","Are there moving trucks to the back right of the ego car?","No.","Yes.","0.0","0.0","0.9945","2608.7","6","CAM_FRONT; CAM_FRONT_LEFT; CAM_FRONT_RIGHT; CAM_BACK; CAM_BACK_LEFT; CAM_BACK_RIGHT","F_other","3.82"
"0287702725184161af95373198546a59","eae59f83bcbb49d8a01ba55f8c618b7d","perception","yes_no","Are there moving pedestrians to the front left of the ego car?","Yes.","Yes.","1.0","1.0","1.0","2607.5","6","CAM_FRONT; CAM_FRONT_LEFT; CAM_FRONT_RIGHT; CAM_BACK; CAM_BACK_LEFT; CAM_BACK_RIGHT","","3.82"
"0287702725184161af95373198546a59","eae59f83bcbb49d8a01ba55f8c618b7d","perception","yes_no","Are there moving trucks to the front left of the ego car?","Yes.","Yes.","1.0","1.0","1.0","2626.4","6","CAM_FRONT; CAM_FRONT_LEFT; CAM_FRONT_RIGHT; CAM_BACK; CAM_BACK_LEFT; CAM_BACK_RIGHT","","3.82"
"0287702725184161af95373198546a59","eae59f83bcbb49d8a01ba55f8c618b7d","perception","other_question_type","Please describe the current scene.","There is one moving car in front of the ego car, many parked cars in front of the ego car, one parked car to the front left of the ego car, one moving truck behind the ego car, one barrier to the front left of the ego car, two barriers to the front right of the ego car, three barriers to the back left of the ego car, one standing pedestrian in front of the ego car, and one traffic cone to the front right of the ego car.","The scene is a city street with a car driving down the road. There are multiple pedestrians walking along the street, and two cars are visible behind the car in front.","0.1667","0.0","0.8625","5793.7","6","CAM_FRONT; CAM_FRONT_LEFT; CAM_FRONT_RIGHT; CAM_BACK; CAM_BACK_LEFT; CAM_BACK_RIGHT","B_wrong_status","3.82"
"0287702725184161af95373198546a59","eae59f83bcbb49d8a01ba55f8c618b7d","perception","what_query","What is the relative positioning of the important objects in the current scene?","the vehicle in front-right camera is on the back left of the vehicle in front-right camera. the vehicle in front-left camera is on the back left of the vehicle in front-right camera. the vehicle in back camera is on the back left of the vehicle in front-right camera. the vehicle in front-left camera is on the back left of the vehicle in front-right camera. the vehicle in back camera is on the back of the vehicle in front-right camera. the vehicle in front-left camera is on the back left of the vehicle in front-right camera. the vehicle in front-left camera is on the back left of the vehicle in front-right camera. the vehicle in back camera is on the back of the vehicle in front-left camera. the vehicle in front-left camera is on the back of the vehicle in front-left camera and the vehicle in front-left camera is on the front of the vehicle in back camera.","The ego car is in the foreground, and there are many pedestrians and two cars behind it.","0.0526","0.0","0.8062","2781.7","3","CAM_FRONT_RIGHT; CAM_FRONT_LEFT; CAM_BACK","D_incomplete","3.82"
"0287702725184161af95373198546a59","eae59f83bcbb49d8a01ba55f8c618b7d","perception","yes_no","Is there any traffic element in the front view?","Yes, there are some traffic elements in the front view.","No.","0.0","0.0","0.905","2543.2","6","CAM_FRONT; CAM_FRONT_LEFT; CAM_FRONT_RIGHT; CAM_BACK; CAM_BACK_LEFT; CAM_BACK_RIGHT","D_incomplete","3.82"
"0287702725184161af95373198546a59","eae59f83bcbb49d8a01ba55f8c618b7d","perception","planning_other","Identify all the traffic elements in the front view, categorize them, determine their status, and predict the bounding box around each one. The output should be a list formatted as (c, s, x1, y1, x2, y2), where c represents the category, s denotes the status, and x1, y1, x2, y2 are the offsets of the top-left and bottom-right corners of the box relative to the center point.","There are many traffic elements in the front view. The information of these traffic elements is [(traffic light, red, 352.75, 301.69, 375.35, 343.88), (traffic light, red, 454.5, 301.98, 474.83, 345.55), (traffic light, red, 738.87, 423.28, 753.57, 437.33), (traffic light, red, 1131.99, 231.55, 1156.73, 332.07), (traffic light, unknown, 1539.2, 92.37, 1587.38, 188.72)].","","0.0","0.0","","11866.1","6","CAM_FRONT; CAM_FRONT_LEFT; CAM_FRONT_RIGHT; CAM_BACK; CAM_BACK_LEFT; CAM_BACK_RIGHT","D_incomplete","3.82"
"0287702725184161af95373198546a59","eae59f83bcbb49d8a01ba55f8c618b7d","perception","which_query","Which lanes are each important object on in the scene?","the vehicle in back camera is on the left lane, and the vehicle in front-left camera is also on the left lane.","Cam Back: There are two lanes. Cam Front Left: There are two lanes.","0.2778","0.0","0.8796","2219.8","2","CAM_BACK; CAM_FRONT_LEFT","F_other","3.82"
"0287702725184161af95373198546a59","eae59f83bcbb49d8a01ba55f8c618b7d","perception","what_query","What are the important objects in the current scene? Those objects will be considered for the future reasoning and driving decision.","There is a black car to the front right of the ego vehicle, a white truck to the front right of the ego vehicle, a black SUV to the front left of the ego vehicle, a gray truck to the back of the ego vehicle, a black car to the front left of the ego vehicle, and a red light to the front of the ego vehicle. The IDs of these objects are the vehicle in front-right camera, the vehicle in front-right camera, the vehicle in front-left camera, the vehicle in back camera, the vehicle in front-left camera, and the traffic element in front camera.","There are many pedestrians and two cars behind the ego car.","0.0833","0.0","0.8291","2404.0","4","CAM_FRONT_RIGHT; CAM_FRONT_LEFT; CAM_BACK; CAM_FRONT","D_incomplete","3.82"
"0287702725184161af95373198546a59","eae59f83bcbb49d8a01ba55f8c618b7d","perception","what_query","What is the observed status of the vehicle in front-right camera?","Moving.","Moving.","1.0","1.0","1.0","751.5","1","CAM_FRONT_RIGHT","","3.82"
"0287702725184161af95373198546a59","eae59f83bcbb49d8a01ba55f8c618b7d","perception","what_query","What is the moving status of the vehicle in front-right camera?","Going ahead.","Moving.","0.0","0.0","0.9201","770.9","1","CAM_FRONT_RIGHT","F_other","3.82"
"0287702725184161af95373198546a59","eae59f83bcbb49d8a01ba55f8c618b7d","perception","what_query","What is the observed status of the vehicle in front-right camera?","Moving.","Moving.","1.0","1.0","1.0","762.8","1","CAM_FRONT_RIGHT","","3.82"
"0287702725184161af95373198546a59","eae59f83bcbb49d8a01ba55f8c618b7d","perception","what_query","What is the moving status of the vehicle in front-right camera?","Going ahead.","Moving.","0.0","0.0","0.9201","763.4","1","CAM_FRONT_RIGHT","F_other","3.82"
"0287702725184161af95373198546a59","eae59f83bcbb49d8a01ba55f8c618b7d","perception","what_query","What is the observed status of the vehicle in front-left camera?","Moving.","Moving.","1.0","1.0","1.0","762.1","1","CAM_FRONT_LEFT","","3.82"
"0287702725184161af95373198546a59","eae59f83bcbb49d8a01ba55f8c618b7d","perception","what_query","What is the moving status of the vehicle in front-left camera?","Going ahead.","Moving.","0.0","0.0","0.9201","777.9","1","CAM_FRONT_LEFT","F_other","3.82"
"0287702725184161af95373198546a59","eae59f83bcbb49d8a01ba55f8c618b7d","perception","what_query","What is the observed status of the vehicle in back camera?","Moving.","Moving.","1.0","1.0","1.0","770.9","1","CAM_BACK","","3.82"
"0287702725184161af95373198546a59","eae59f83bcbb49d8a01ba55f8c618b7d","perception","what_query","What is the moving status of the vehicle in back camera?","Going ahead.","Moving.","0.0","0.0","0.9201","763.2","1","CAM_BACK","F_other","3.82"
"0287702725184161af95373198546a59","eae59f83bcbb49d8a01ba55f8c618b7d","perception","what_query","What is the observed status of the vehicle in front-left camera?","Stationary.","Moving.","0.0","0.0","0.9269","773.6","1","CAM_FRONT_LEFT","B_wrong_status","3.82"
"0287702725184161af95373198546a59","eae59f83bcbb49d8a01ba55f8c618b7d","perception","visual_description","What is the visual description of the vehicle in front-right camera?","Black car.","The vehicle in front-right camera is a car.","0.1818","0.0","0.9056","1209.9","1","CAM_FRONT_RIGHT","F_other","3.82"
"0287702725184161af95373198546a59","eae59f83bcbb49d8a01ba55f8c618b7d","perception","visual_description","What is the visual description of the vehicle in front-right camera?","White truck.","The vehicle in front-right camera is a car.","0.0","0.0","0.8929","1185.2","1","CAM_FRONT_RIGHT","F_other","3.82"
"0287702725184161af95373198546a59","eae59f83bcbb49d8a01ba55f8c618b7d","perception","visual_description","What is the visual description of the vehicle in front-left camera?","Black SUV.","There is a car in front of the ego car.","0.0","0.0","0.8743","1206.8","1","CAM_FRONT_LEFT","F_other","3.82"
"0287702725184161af95373198546a59","eae59f83bcbb49d8a01ba55f8c618b7d","perception","visual_description","What is the visual description of the vehicle in back camera?","Gray truck.","Moving.","0.0","0.0","0.9299","769.0","1","CAM_BACK","F_other","3.82"
"0287702725184161af95373198546a59","eae59f83bcbb49d8a01ba55f8c618b7d","perception","visual_description","What is the visual description of the vehicle in front-left camera?","Black car.","There is a car in front of the ego car.","0.1667","0.0","0.911","1176.0","1","CAM_FRONT_LEFT","F_other","3.82"
"0287702725184161af95373198546a59","eae59f83bcbb49d8a01ba55f8c618b7d","perception","visual_description","What is the visual description of the traffic element in front camera?","Red light.","There is a car in front of the camera.","0.0","0.0","0.9","1106.4","1","CAM_FRONT","F_other","3.82"
"0287702725184161af95373198546a59","eae59f83bcbb49d8a01ba55f8c618b7d","prediction","yes_no","Is the object in front-right camera a traffic sign or a road barrier?","No.","There are two objects to the right camera.","0.0","0.0","0.8938","1042.0","1","CAM_FRONT_RIGHT","F_other","3.82"
"0287702725184161af95373198546a59","eae59f83bcbb49d8a01ba55f8c618b7d","prediction","which_query","Which object is most likely to be occluded by the vehicle in front-right camera? Would this object affect the ego vehicle? Based on this object, what action of the ego vehicle is dangerous?","None, no, none.","There is a car in front of the ego vehicle. The car would be most likely to be occluded by the vehicle in front-right camera.","0.0","0.0","0.8245","4400.4","1","CAM_FRONT_RIGHT","A_hallucination","3.82"
"0287702725184161af95373198546a59","eae59f83bcbb49d8a01ba55f8c618b7d","prediction","other_question_type","Would the vehicle in front-right camera be in the moving direction of the ego vehicle?","No.","No.","1.0","1.0","1.0","720.6","1","CAM_FRONT_RIGHT","","3.82"
"0287702725184161af95373198546a59","eae59f83bcbb49d8a01ba55f8c618b7d","prediction","what_query","What is the future state of the vehicle in front-right camera?","Keep going straight.","Moving.","0.0","0.0","0.9134","786.0","1","CAM_FRONT_RIGHT","D_incomplete","3.82"
"0287702725184161af95373198546a59","eae59f83bcbb49d8a01ba55f8c618b7d","prediction","yes_no","Is the object in front-right camera a traffic sign or a road barrier?","No.","There are two objects to the right camera.","0.0","0.0","0.8938","1069.4","1","CAM_FRONT_RIGHT","F_other","3.82"
"0287702725184161af95373198546a59","eae59f83bcbb49d8a01ba55f8c618b7d","prediction","which_query","Which object is most likely to be occluded by the vehicle in front-right camera? Would this object affect the ego vehicle? Based on this object, what action of the ego vehicle is dangerous?","None, no, none.","There is a car in front of the ego vehicle. The car would be most likely to be occluded by the vehicle in front-right camera.","0.0","0.0","0.8245","4397.8","1","CAM_FRONT_RIGHT","A_hallucination","3.82"
"0287702725184161af95373198546a59","eae59f83bcbb49d8a01ba55f8c618b7d","prediction","other_question_type","Would the vehicle in front-right camera be in the moving direction of the ego vehicle?","No.","No.","1.0","1.0","1.0","742.0","1","CAM_FRONT_RIGHT","","3.82"
"0287702725184161af95373198546a59","eae59f83bcbb49d8a01ba55f8c618b7d","prediction","what_query","What is the future state of the vehicle in front-right camera?","Keep going straight.","Moving.","0.0","0.0","0.9134","845.6","1","CAM_FRONT_RIGHT","D_incomplete","3.82"
"0287702725184161af95373198546a59","eae59f83bcbb49d8a01ba55f8c618b7d","prediction","yes_no","Is the object in front-left camera a traffic sign or a road barrier?","No.","There are two traffic signs to the left.","0.0","0.0","0.903","1201.1","1","CAM_FRONT_LEFT","F_other","3.82"
"0287702725184161af95373198546a59","eae59f83bcbb49d8a01ba55f8c618b7d","prediction","which_query","Which object is most likely to be occluded by the vehicle in front-left camera? Would this object affect the ego vehicle? Based on this object, what action of the ego vehicle is dangerous?","None, no, none.","There is a truck in front of the car. The truck is most likely to be occluded by the vehicle in front-left camera.","0.0","0.0","0.8279","4858.4","1","CAM_FRONT_LEFT","A_hallucination","3.82"
"0287702725184161af95373198546a59","eae59f83bcbb49d8a01ba55f8c618b7d","prediction","other_question_type","Would the vehicle in front-left camera be in the moving direction of the ego vehicle?","No.","No.","1.0","1.0","1.0","754.4","1","CAM_FRONT_LEFT","","3.82"
"0287702725184161af95373198546a59","eae59f83bcbb49d8a01ba55f8c618b7d","prediction","what_query","What is the future state of the vehicle in front-left camera?","Keep going straight.","Moving","0.0","0.0","0.8638","729.0","1","CAM_FRONT_LEFT","D_incomplete","3.82"
"0287702725184161af95373198546a59","eae59f83bcbb49d8a01ba55f8c618b7d","prediction","yes_no","Is the object in back camera a traffic sign or a road barrier?","No.","There are two cars in the back camera.","0.0","0.0","0.8903","1202.8","1","CAM_BACK","F_other","3.82"
"0287702725184161af95373198546a59","eae59f83bcbb49d8a01ba55f8c618b7d","prediction","which_query","Which object is most likely to be occluded by the vehicle in back camera? Would this object affect the ego vehicle? Based on this object, what action of the ego vehicle is dangerous?","None, no, none.","There is a car in front of the ego vehicle. The car in front camera is most likely to be occluded by the vehicle in back camera. This car would affect the ego vehicle's decision-making process. The ego vehicle is moving.","0.0","0.0","0.8197","3655.7","1","CAM_BACK","A_hallucination","3.82"
"0287702725184161af95373198546a59","eae59f83bcbb49d8a01ba55f8c618b7d","prediction","other_question_type","Would the vehicle in back camera be in the moving direction of the ego vehicle?","No.","No.","1.0","1.0","1.0","719.3","1","CAM_BACK","","3.82"
"0287702725184161af95373198546a59","eae59f83bcbb49d8a01ba55f8c618b7d","prediction","what_query","What is the future state of the vehicle in back camera?","Stationary.","Moving.","0.0","0.0","0.9269","789.7","1","CAM_BACK","B_wrong_status","3.82"
"0287702725184161af95373198546a59","eae59f83bcbb49d8a01ba55f8c618b7d","prediction","yes_no","Is the object in front-left camera a traffic sign or a road barrier?","No.","There are two traffic signs to the left.","0.0","0.0","0.903","1170.3","1","CAM_FRONT_LEFT","F_other","3.82"
"0287702725184161af95373198546a59","eae59f83bcbb49d8a01ba55f8c618b7d","prediction","other_question_type","Would the vehicle in front-left camera be in the moving direction of the ego vehicle?","No.","No.","1.0","1.0","1.0","731.3","1","CAM_FRONT_LEFT","","3.82"
"0287702725184161af95373198546a59","eae59f83bcbb49d8a01ba55f8c618b7d","prediction","what_query","What is the future state of the vehicle in front-left camera?","Stationary.","Moving","0.0","0.0","0.8905","743.5","1","CAM_FRONT_LEFT","B_wrong_status","3.82"
"0287702725184161af95373198546a59","eae59f83bcbb49d8a01ba55f8c618b7d","prediction","yes_no","Is the object in front camera a traffic sign or a road barrier?","Yes.","No.","0.0","0.0","0.9945","729.5","1","CAM_FRONT","F_other","3.82"
"0287702725184161af95373198546a59","eae59f83bcbb49d8a01ba55f8c618b7d","prediction","other_question_type","Would the traffic element in front camera be in the moving direction of the ego vehicle?","Yes.","No.","0.0","0.0","0.9945","731.0","1","CAM_FRONT","F_other","3.82"
"0287702725184161af95373198546a59","eae59f83bcbb49d8a01ba55f8c618b7d","prediction","what_query","What does the traffic element in front camera mean?","No entry.","None.","0.0","0.0","0.9196","723.7","1","CAM_FRONT","F_other","3.82"
"0287702725184161af95373198546a59","eae59f83bcbb49d8a01ba55f8c618b7d","prediction","other_question_type","In this scenario, what object is most likely to consider the traffic element in front camera?","The ego vehicle.","None.","0.0","0.0","0.9128","740.2","1","CAM_FRONT","D_incomplete","3.82"
"0287702725184161af95373198546a59","eae59f83bcbb49d8a01ba55f8c618b7d","prediction","what_query","What object should the ego vehicle notice first when the ego vehicle is getting to the next possible location? What is the state of the object that is first noticed by the ego vehicle and what action should the ego vehicle take? What object should the ego vehicle notice second when the ego vehicle is getting to the next possible location? What is the state of the object perceived by the ego vehicle as second and what action should the ego vehicle take? What object should the ego vehicle notice third? What is the state of the object perceived by the ego vehicle as third and what action should the ego vehicle take?","Firstly, notice the traffic element in front camera. It is a traffic sign, so the ego vehicle should remain stationary. Secondly, notice the vehicle in front-left camera. It is stationary, so the ego vehicle should remain stationary. Thirdly, notice the vehicle in front-left camera. It is going ahead, so the ego vehicle should remain stationary.","There are 3 cars to the right. The ego vehicle should notice the first car first, which is moving.","0.2105","0.0","0.8679","5444.3","2","CAM_FRONT; CAM_FRONT_LEFT","B_wrong_status","3.82"
"0287702725184161af95373198546a59","eae59f83bcbb49d8a01ba55f8c618b7d","prediction","yes_no","Are the object in front camera and the object in front-left camera traffic signs?","Only one of the boxes is a traffic sign.","No.","0.0","0.0","0.8834","1063.7","2","CAM_FRONT; CAM_FRONT_LEFT","D_incomplete","3.82"
"0287702725184161af95373198546a59","eae59f83bcbb49d8a01ba55f8c618b7d","prediction","future_state","Will the traffic element in front camera be in the moving direction of the vehicle in front-left camera?","No.","No.","1.0","1.0","1.0","1061.1","2","CAM_FRONT; CAM_FRONT_LEFT","","3.82"
"0287702725184161af95373198546a59","eae59f83bcbb49d8a01ba55f8c618b7d","prediction","other_question_type","Would the vehicle in front-left camera take the traffic element in front camera into account?","No.","No.","1.0","1.0","1.0","1069.8","2","CAM_FRONT_LEFT; CAM_FRONT","","3.82"
"0287702725184161af95373198546a59","eae59f83bcbb49d8a01ba55f8c618b7d","prediction","what_query","What object would consider the traffic element in front camera to be most relevant to its decision?","The ego vehicle.","None.","0.0","0.0","0.9128","745.3","1","CAM_FRONT","D_incomplete","3.82"
"0287702725184161af95373198546a59","eae59f83bcbb49d8a01ba55f8c618b7d","prediction","other_question_type","Except for the ego vehicle, what object would consider the traffic element in front camera to be most relevant to its decision?","the vehicle in front-left camera.","None.","0.0","0.0","0.8783","1077.8","2","CAM_FRONT; CAM_FRONT_LEFT","D_incomplete","3.82"
"0287702725184161af95373198546a59","eae59f83bcbb49d8a01ba55f8c618b7d","prediction","what_query","What object would consider the vehicle in front-left camera to be most relevant to its decision?","the vehicle in front-left camera.","The ego vehicle.","0.4444","0.0","0.8747","862.4","1","CAM_FRONT_LEFT","","3.82"
"0287702725184161af95373198546a59","eae59f83bcbb49d8a01ba55f8c618b7d","prediction","yes_no","Are the object in front camera and the object in front-left camera traffic signs?","Only one of the boxes is a traffic sign.","No.","0.0","0.0","0.8834","1071.4","2","CAM_FRONT; CAM_FRONT_LEFT","D_incomplete","3.82"
"0287702725184161af95373198546a59","eae59f83bcbb49d8a01ba55f8c618b7d","prediction","future_state","Will the traffic element in front camera be in the moving direction of the vehicle in front-left camera?","Yes.","No.","0.0","0.0","0.9945","1081.6","2","CAM_FRONT; CAM_FRONT_LEFT","F_other","3.82"
"0287702725184161af95373198546a59","eae59f83bcbb49d8a01ba55f8c618b7d","prediction","other_question_type","Would the vehicle in front-left camera take the traffic element in front camera into account?","Yes.","No.","0.0","0.0","0.9945","1078.3","2","CAM_FRONT_LEFT; CAM_FRONT","F_other","3.82"
"0287702725184161af95373198546a59","eae59f83bcbb49d8a01ba55f8c618b7d","prediction","what_query","What object would consider the traffic element in front camera to be most relevant to its decision?","The ego vehicle.","None.","0.0","0.0","0.9128","721.5","1","CAM_FRONT","D_incomplete","3.82"
"0287702725184161af95373198546a59","eae59f83bcbb49d8a01ba55f8c618b7d","prediction","other_question_type","Except for the ego vehicle, what object would consider the traffic element in front camera to be most relevant to its decision?","the vehicle in front-left camera.","None.","0.0","0.0","0.8783","1075.8","2","CAM_FRONT; CAM_FRONT_LEFT","D_incomplete","3.82"
"0287702725184161af95373198546a59","eae59f83bcbb49d8a01ba55f8c618b7d","prediction","what_query","What object would consider the vehicle in front-left camera to be most relevant to its decision?","the vehicle in front-left camera.","The ego vehicle.","0.4444","0.0","0.8747","870.9","1","CAM_FRONT_LEFT","","3.82"
"0287702725184161af95373198546a59","eae59f83bcbb49d8a01ba55f8c618b7d","prediction","what_query","What kind of traffic sign is the object in front camera?","Traffic light.","None.","0.0","0.0","0.9294","728.1","1","CAM_FRONT","F_other","3.82"
"0287702725184161af95373198546a59","eae59f83bcbb49d8a01ba55f8c618b7d","planning","yes_no","Is the vehicle in front-right camera an object that the ego vehicle should consider in the current scene?","Yes.","Yes.","1.0","1.0","1.0","2966.2","6","CAM_FRONT; CAM_FRONT_LEFT; CAM_FRONT_RIGHT; CAM_BACK; CAM_BACK_LEFT; CAM_BACK_RIGHT","","3.82"
"0287702725184161af95373198546a59","eae59f83bcbb49d8a01ba55f8c618b7d","planning","what_query","What actions could the ego vehicle take based on the vehicle in front-right camera? Why take this action and what's the probability?","The action is to keep stationary. The reason is that the object has little reference value for the ego vehicle, with a high probability.","Low.","0.0","0.0","0.8792","4654.8","6","CAM_FRONT; CAM_FRONT_LEFT; CAM_FRONT_RIGHT; CAM_BACK; CAM_BACK_LEFT; CAM_BACK_RIGHT","D_incomplete","3.82"
"0287702725184161af95373198546a59","eae59f83bcbb49d8a01ba55f8c618b7d","planning","what_query","What is the probability of colliding with the vehicle in front-right camera after the ego vehicle steps on the brakes?","Low.","Low.","1.0","1.0","1.0","2822.9","6","CAM_FRONT; CAM_FRONT_LEFT; CAM_FRONT_RIGHT; CAM_BACK; CAM_BACK_LEFT; CAM_BACK_RIGHT","","3.82"
"0287702725184161af95373198546a59","eae59f83bcbb49d8a01ba55f8c618b7d","planning","what_query","What actions taken by the ego vehicle can lead to a collision with the vehicle in front-right camera?","No such action will lead to a collision.","Accelerate and go straight actions taken by the ego vehicle can lead to a collision with the vehicle in front-right camera.","0.3333","0.0","0.8867","4440.9","6","CAM_FRONT; CAM_FRONT_LEFT; CAM_FRONT_RIGHT; CAM_BACK; CAM_BACK_LEFT; CAM_BACK_RIGHT","","3.82"
"0287702725184161af95373198546a59","eae59f83bcbb49d8a01ba55f8c618b7d","planning","yes_no","Is the vehicle in front-right camera an object that the ego vehicle should consider in the current scene?","Yes.","Yes.","1.0","1.0","1.0","2824.1","6","CAM_FRONT; CAM_FRONT_LEFT; CAM_FRONT_RIGHT; CAM_BACK; CAM_BACK_LEFT; CAM_BACK_RIGHT","","3.82"
"0287702725184161af95373198546a59","eae59f83bcbb49d8a01ba55f8c618b7d","planning","what_query","What actions could the ego vehicle take based on the vehicle in front-right camera? Why take this action and what's the probability?","The action is to remain stationary. The reason for this action is to follow the traffic rules, which has a high probability.","Low.","0.0","0.0","0.8771","4707.1","6","CAM_FRONT; CAM_FRONT_LEFT; CAM_FRONT_RIGHT; CAM_BACK; CAM_BACK_LEFT; CAM_BACK_RIGHT","D_incomplete","3.82"
"0287702725184161af95373198546a59","eae59f83bcbb49d8a01ba55f8c618b7d","planning","what_query","What is the probability of colliding with the vehicle in front-right camera after the ego vehicle steps on the brakes?","Low.","Low.","1.0","1.0","1.0","2867.8","6","CAM_FRONT; CAM_FRONT_LEFT; CAM_FRONT_RIGHT; CAM_BACK; CAM_BACK_LEFT; CAM_BACK_RIGHT","","3.82"
"0287702725184161af95373198546a59","eae59f83bcbb49d8a01ba55f8c618b7d","planning","what_query","What actions taken by the ego vehicle can lead to a collision with the vehicle in front-right camera?","Moderate right turn.","Accelerate and go straight actions taken by the ego vehicle can lead to a collision with the vehicle in front-right camera.","0.08","0.0","0.8474","4514.6","6","CAM_FRONT; CAM_FRONT_LEFT; CAM_FRONT_RIGHT; CAM_BACK; CAM_BACK_LEFT; CAM_BACK_RIGHT","A_hallucination","3.82"
"0287702725184161af95373198546a59","eae59f83bcbb49d8a01ba55f8c618b7d","planning","yes_no","Is the vehicle in front-left camera an object that the ego vehicle should consider in the current scene?","Yes.","Yes.","1.0","1.0","1.0","2867.6","6","CAM_FRONT; CAM_FRONT_LEFT; CAM_FRONT_RIGHT; CAM_BACK; CAM_BACK_LEFT; CAM_BACK_RIGHT","","3.82"
"0287702725184161af95373198546a59","eae59f83bcbb49d8a01ba55f8c618b7d","planning","what_query","What actions could the ego vehicle take based on the vehicle in front-left camera? Why take this action and what's the probability?","The action is to remain stationary. The reason for taking this action is to follow the traffic rules, which is highly probable.","Low.","0.0","0.0","0.8826","4621.4","6","CAM_FRONT; CAM_FRONT_LEFT; CAM_FRONT_RIGHT; CAM_BACK; CAM_BACK_LEFT; CAM_BACK_RIGHT","D_incomplete","3.82"
"0287702725184161af95373198546a59","eae59f83bcbb49d8a01ba55f8c618b7d","planning","what_query","What is the probability of colliding with the vehicle in front-left camera after the ego vehicle turns right at a constant speed?","Low.","Low.","1.0","1.0","1.0","2809.5","6","CAM_FRONT; CAM_FRONT_LEFT; CAM_FRONT_RIGHT; CAM_BACK; CAM_BACK_LEFT; CAM_BACK_RIGHT","","3.82"
"0287702725184161af95373198546a59","eae59f83bcbb49d8a01ba55f8c618b7d","planning","what_query","What actions taken by the ego vehicle can lead to a collision with the vehicle in front-left camera?","Moderate left turn.","Accelerate and go straight actions taken by the ego vehicle can lead to a collision with the vehicle in front-left camera.","0.08","0.0","0.8432","4482.6","6","CAM_FRONT; CAM_FRONT_LEFT; CAM_FRONT_RIGHT; CAM_BACK; CAM_BACK_LEFT; CAM_BACK_RIGHT","A_hallucination","3.82"
"0287702725184161af95373198546a59","eae59f83bcbb49d8a01ba55f8c618b7d","planning","yes_no","Is the vehicle in back camera an object that the ego vehicle should consider in the current scene?","No.","Yes.","0.0","0.0","0.9945","2849.8","6","CAM_FRONT; CAM_FRONT_LEFT; CAM_FRONT_RIGHT; CAM_BACK; CAM_BACK_LEFT; CAM_BACK_RIGHT","E_planning_error","3.82"
"0287702725184161af95373198546a59","eae59f83bcbb49d8a01ba55f8c618b7d","planning","what_query","What actions could the ego vehicle take based on the vehicle in back camera? Why take this action and what's the probability?","The action is to remain stationary. The reason for this action is to follow the traffic rules. The probability of taking this action is high.","High.","0.0769","0.0","0.8753","4790.2","6","CAM_FRONT; CAM_FRONT_LEFT; CAM_FRONT_RIGHT; CAM_BACK; CAM_BACK_LEFT; CAM_BACK_RIGHT","D_incomplete","3.82"
"0287702725184161af95373198546a59","eae59f83bcbb49d8a01ba55f8c618b7d","planning","what_query","What is the probability of colliding with the vehicle in back camera after the ego vehicle steps on the brakes?","Low.","Low.","1.0","1.0","1.0","2879.2","6","CAM_FRONT; CAM_FRONT_LEFT; CAM_FRONT_RIGHT; CAM_BACK; CAM_BACK_LEFT; CAM_BACK_RIGHT","","3.82"
"0287702725184161af95373198546a59","eae59f83bcbb49d8a01ba55f8c618b7d","planning","what_query","What actions taken by the ego vehicle can lead to a collision with the vehicle in back camera?","No such action will lead to a collision.","Accelerate and go straight actions taken by the ego vehicle can lead to a collision with the vehicle in back camera.","0.3448","0.0","0.8888","4431.0","6","CAM_FRONT; CAM_FRONT_LEFT; CAM_FRONT_RIGHT; CAM_BACK; CAM_BACK_LEFT; CAM_BACK_RIGHT","","3.82"
"0287702725184161af95373198546a59","eae59f83bcbb49d8a01ba55f8c618b7d","planning","yes_no","Is the vehicle in front-left camera an object that the ego vehicle should consider in the current scene?","Yes.","Yes.","1.0","1.0","1.0","2856.2","6","CAM_FRONT; CAM_FRONT_LEFT; CAM_FRONT_RIGHT; CAM_BACK; CAM_BACK_LEFT; CAM_BACK_RIGHT","","3.82"
"0287702725184161af95373198546a59","eae59f83bcbb49d8a01ba55f8c618b7d","planning","what_query","What actions could the ego vehicle take based on the vehicle in front-left camera? Why take this action and what's the probability?","The action is to remain stationary. The reason for this action is to maintain a safe distance, which is high.","Low.","0.0","0.0","0.879","4715.7","6","CAM_FRONT; CAM_FRONT_LEFT; CAM_FRONT_RIGHT; CAM_BACK; CAM_BACK_LEFT; CAM_BACK_RIGHT","D_incomplete","3.82"
"0287702725184161af95373198546a59","eae59f83bcbb49d8a01ba55f8c618b7d","planning","what_query","What is the probability of colliding with the vehicle in front-left camera after the ego vehicle steps on the brakes?","Low.","Low.","1.0","1.0","1.0","2819.7","6","CAM_FRONT; CAM_FRONT_LEFT; CAM_FRONT_RIGHT; CAM_BACK; CAM_BACK_LEFT; CAM_BACK_RIGHT","","3.82"
"0287702725184161af95373198546a59","eae59f83bcbb49d8a01ba55f8c618b7d","planning","what_query","What actions taken by the ego vehicle can lead to a collision with the vehicle in front-left camera?","Moderate left turn.","Accelerate and go straight actions taken by the ego vehicle can lead to a collision with the vehicle in front-left camera.","0.08","0.0","0.8432","4527.5","6","CAM_FRONT; CAM_FRONT_LEFT; CAM_FRONT_RIGHT; CAM_BACK; CAM_BACK_LEFT; CAM_BACK_RIGHT","A_hallucination","3.82"
"0287702725184161af95373198546a59","eae59f83bcbb49d8a01ba55f8c618b7d","planning","yes_no","Is it necessary for the ego vehicle to take the traffic element in front camera into account?","Yes.","Yes.","1.0","1.0","1.0","2858.4","6","CAM_FRONT; CAM_FRONT_LEFT; CAM_FRONT_RIGHT; CAM_BACK; CAM_BACK_LEFT; CAM_BACK_RIGHT","","3.82"
"0287702725184161af95373198546a59","eae59f83bcbb49d8a01ba55f8c618b7d","planning","other_question_type","Based on the traffic element in front camera in this scene, what is the most possible action of the ego vehicle?","Stationary.","The most possible action of the ego vehicle is to accelerate and go straight.","0.0","0.0","0.8504","3967.3","6","CAM_FRONT; CAM_FRONT_LEFT; CAM_FRONT_RIGHT; CAM_BACK; CAM_BACK_LEFT; CAM_BACK_RIGHT","E_planning_error","3.82"
"0287702725184161af95373198546a59","eae59f83bcbb49d8a01ba55f8c618b7d","planning","what_query","What is the traffic signal that the ego vehicle should pay attention to?","Red light.","The traffic signal that the ego vehicle should pay attention to is the one in the front left camera.","0.0","0.0","0.8734","3692.5","6","CAM_FRONT; CAM_FRONT_LEFT; CAM_FRONT_RIGHT; CAM_BACK; CAM_BACK_LEFT; CAM_BACK_RIGHT","A_hallucination","3.82"
"0287702725184161af95373198546a59","eae59f83bcbb49d8a01ba55f8c618b7d","planning","what_query","What is the target action of the ego vehicle?","Stationary.","The target action of the ego vehicle is to keep going at the same speed. The reason is to maintain a safe distance, which is high.","0.0","0.0","0.8439","4147.0","6","CAM_FRONT; CAM_FRONT_LEFT; CAM_FRONT_RIGHT; CAM_BACK; CAM_BACK_LEFT; CAM_BACK_RIGHT","A_hallucination","3.82"
"0287702725184161af95373198546a59","eae59f83bcbb49d8a01ba55f8c618b7d","planning","other_question_type","In this scenario, what are safe actions to take for the ego vehicle?","Brake suddenly, brake gently to a stop.","In this scenario, the ego vehicle should maintain a safe distance from the vehicle in front camera. This can be achieved by accelerating and going straight.","0.0606","0.0","0.8414","4809.1","6","CAM_FRONT; CAM_FRONT_LEFT; CAM_FRONT_RIGHT; CAM_BACK; CAM_BACK_LEFT; CAM_BACK_RIGHT","A_hallucination","3.82"
"0287702725184161af95373198546a59","eae59f83bcbb49d8a01ba55f8c618b7d","planning","other_question_type","In this scenario, what are dangerous actions to take for the ego vehicle?","Accelerate and go ahead, change to the left lane, turn left, turn right.","High.","0.0","0.0","0.8621","5680.2","6","CAM_FRONT; CAM_FRONT_LEFT; CAM_FRONT_RIGHT; CAM_BACK; CAM_BACK_LEFT; CAM_BACK_RIGHT","D_incomplete","3.82"
"0287702725184161af95373198546a59","eae59f83bcbb49d8a01ba55f8c618b7d","planning","what_query","What is the priority of the objects that the ego vehicle should consider?(in descending order)","The priority of the objects that the ego vehicle should consider (in descending order) are the traffic element in front camera, the vehicle in front-left camera, the vehicle in front-left camera, the vehicle in front-right camera, the vehicle in front-right camera, and the vehicle in back camera.","There are 5 vehicles to the left.","0.1379","0.0","0.8415","3552.4","6","CAM_FRONT; CAM_FRONT_LEFT; CAM_FRONT_RIGHT; CAM_BACK; CAM_BACK_LEFT; CAM_BACK_RIGHT","C_wrong_camera","3.82"
"0287702725184161af95373198546a59","eae59f83bcbb49d8a01ba55f8c618b7d","planning","other_question_type","Based on the observation of the traffic element in front camera, what actions may the vehicle in front-left camera take?","Stationary.","The vehicle in front-left camera may take the action of accelerating and going straight to maintain a safe distance from the vehicle in front camera.","0.0","0.0","0.8387","4556.5","6","CAM_FRONT; CAM_FRONT_LEFT; CAM_FRONT_RIGHT; CAM_BACK; CAM_BACK_LEFT; CAM_BACK_RIGHT","A_hallucination","3.82"
"0287702725184161af95373198546a59","eae59f83bcbb49d8a01ba55f8c618b7d","behavior","ego_behavior_prediction","Predict the behavior of the ego vehicle.","The ego vehicle is going straight. The ego vehicle is not moving.","The ego vehicle is going straight. The ego vehicle is driving fast.","0.8333","0.0","0.9741","3412.0","6","CAM_FRONT; CAM_FRONT_LEFT; CAM_FRONT_RIGHT; CAM_BACK; CAM_BACK_LEFT; CAM_BACK_RIGHT","","3.82"
"0287702725184161af95373198546a59","75e1bed6787b45bf89f4a5a630bdf8c0","perception","object_enumeration","What are objects to the back left of the ego car?","There are many barriers, many traffic cones, and one construction vehicle to the back left of the ego car.","There are two cars behind the ego car.","0.3704","0.0","0.9087","3158.3","6","CAM_FRONT; CAM_FRONT_LEFT; CAM_FRONT_RIGHT; CAM_BACK; CAM_BACK_LEFT; CAM_BACK_RIGHT","","3.82"
"0287702725184161af95373198546a59","75e1bed6787b45bf89f4a5a630bdf8c0","perception","object_enumeration","What are objects to the front of the ego car?","There are many cars and one pedestrian in front of the ego car.","There are two cars and a pedestrian in front of the ego car.","0.8462","0.0","0.9749","3541.9","6","CAM_FRONT; CAM_FRONT_LEFT; CAM_FRONT_RIGHT; CAM_BACK; CAM_BACK_LEFT; CAM_BACK_RIGHT","","3.82"
"0287702725184161af95373198546a59","75e1bed6787b45bf89f4a5a630bdf8c0","perception","status_query","What is the status of the cars that are to the front of the ego car?","Many cars are parked, and three are moving.","There are two cars in front of the ego car.","0.1111","0.0","0.8958","3245.1","6","CAM_FRONT; CAM_FRONT_LEFT; CAM_FRONT_RIGHT; CAM_BACK; CAM_BACK_LEFT; CAM_BACK_RIGHT","F_other","3.82"
"0287702725184161af95373198546a59","75e1bed6787b45bf89f4a5a630bdf8c0","perception","object_enumeration","What are objects to the front left of the ego car?","There are two trailers, three barriers, many trucks, one pedestrian, one traffic cone, and three cars to the front left of the ego car.","There are two cars and a pedestrian to the front left of the ego car.","0.6154","0.0","0.9309","3558.7","6","CAM_FRONT; CAM_FRONT_LEFT; CAM_FRONT_RIGHT; CAM_BACK; CAM_BACK_LEFT; CAM_BACK_RIGHT","","3.82"
"0287702725184161af95373198546a59","75e1bed6787b45bf89f4a5a630bdf8c0","perception","status_query","What is the status of the trailers that are to the front left of the ego car?","Two trailers are moving.","There are two trailers to the front left of the ego car.","0.25","0.0","0.8939","3407.7","6","CAM_FRONT; CAM_FRONT_LEFT; CAM_FRONT_RIGHT; CAM_BACK; CAM_BACK_LEFT; CAM_BACK_RIGHT","F_other","3.82"
"0287702725184161af95373198546a59","75e1bed6787b45bf89f4a5a630bdf8c0","perception","status_query","What is the status of the trucks that are to the front left of the ego car?","Many trucks are moving, and one is parked.","There are two trucks to the front left of the ego car.","0.1","0.0","0.8891","3439.8","6","CAM_FRONT; CAM_FRONT_LEFT; CAM_FRONT_RIGHT; CAM_BACK; CAM_BACK_LEFT; CAM_BACK_RIGHT","F_other","3.82"
"0287702725184161af95373198546a59","75e1bed6787b45bf89f4a5a630bdf8c0","perception","status_query","What is the status of the pedestrian that is to the front of the ego car?","The pedestrian in front of the ego car is standing.","There is a pedestrian walking in front of the ego car.","0.6667","0.0","0.9546","3398.8","6","CAM_FRONT; CAM_FRONT_LEFT; CAM_FRONT_RIGHT; CAM_BACK; CAM_BACK_LEFT; CAM_BACK_RIGHT","","3.82"
"0287702725184161af95373198546a59","75e1bed6787b45bf89f4a5a630bdf8c0","perception","object_enumeration","What are objects to the back of the ego car?","There are two cars and one truck behind the ego car.","There are many pedestrians and two cars behind the ego car.","0.7273","0.0","0.9563","3629.7","6","CAM_FRONT; CAM_FRONT_LEFT; CAM_FRONT_RIGHT; CAM_BACK; CAM_BACK_LEFT; CAM_BACK_RIGHT","","3.82"
"0287702725184161af95373198546a59","75e1bed6787b45bf89f4a5a630bdf8c0","perception","status_query","What is the status of the cars that are to the back of the ego car?","One of the cars is moving, and one is parked.","There are two cars behind the ego car.","0.2222","0.0","0.8863","3324.7","6","CAM_FRONT; CAM_FRONT_LEFT; CAM_FRONT_RIGHT; CAM_BACK; CAM_BACK_LEFT; CAM_BACK_RIGHT","F_other","3.82"
"0287702725184161af95373198546a59","75e1bed6787b45bf89f4a5a630bdf8c0","perception","status_query","What is the status of the pedestrian that is to the front left of the ego car?","One pedestrian is moving.","Moving.","0.4","0.0","0.9064","2819.1","6","CAM_FRONT; CAM_FRONT_LEFT; CAM_FRONT_RIGHT; CAM_BACK; CAM_BACK_LEFT; CAM_BACK_RIGHT","","3.82"
"0287702725184161af95373198546a59","75e1bed6787b45bf89f4a5a630bdf8c0","perception","object_enumeration","What are objects to the front right of the ego car?","There is one truck, two barriers, and one traffic cone to the front right of the ego car.","There are two cars and a pedestrian to the front right of the ego car.","0.6667","0.0","0.9399","3806.7","6","CAM_FRONT; CAM_FRONT_LEFT; CAM_FRONT_RIGHT; CAM_BACK; CAM_BACK_LEFT; CAM_BACK_RIGHT","","3.82"
"0287702725184161af95373198546a59","75e1bed6787b45bf89f4a5a630bdf8c0","perception","status_query","What is the status of the truck that is to the front right of the ego car?","One truck is moving.","Moving.","0.4","0.0","0.9016","2729.6","6","CAM_FRONT; CAM_FRONT_LEFT; CAM_FRONT_RIGHT; CAM_BACK; CAM_BACK_LEFT; CAM_BACK_RIGHT","","3.82"
"0287702725184161af95373198546a59","75e1bed6787b45bf89f4a5a630bdf8c0","perception","status_query","What is the status of the construction vehicle that is to the back left of the ego car?","One construction vehicle is parked.","Moving.","0.0","0.0","0.8826","2750.9","6","CAM_FRONT; CAM_FRONT_LEFT; CAM_FRONT_RIGHT; CAM_BACK; CAM_BACK_LEFT; CAM_BACK_RIGHT","B_wrong_status","3.82"
"0287702725184161af95373198546a59","75e1bed6787b45bf89f4a5a630bdf8c0","perception","status_query","What is the status of the truck that is to the back of the ego car?","One truck is moving.","Moving.","0.4","0.0","0.9016","2768.7","6","CAM_FRONT; CAM_FRONT_LEFT; CAM_FRONT_RIGHT; CAM_BACK; CAM_BACK_LEFT; CAM_BACK_RIGHT","","3.82"
"0287702725184161af95373198546a59","75e1bed6787b45bf89f4a5a630bdf8c0","perception","status_query","What is the status of the cars that are to the front left of the ego car?","Two of the cars are parked, and one is moving.","There are two cars behind the ego car.","0.3333","0.0","0.8917","3314.4","6","CAM_FRONT; CAM_FRONT_LEFT; CAM_FRONT_RIGHT; CAM_BACK; CAM_BACK_LEFT; CAM_BACK_RIGHT","","3.82"
"0287702725184161af95373198546a59","75e1bed6787b45bf89f4a5a630bdf8c0","perception","yes_no","Are there moving pedestrians to the front left of the ego car?","Yes.","Yes.","1.0","1.0","1.0","2603.9","6","CAM_FRONT; CAM_FRONT_LEFT; CAM_FRONT_RIGHT; CAM_BACK; CAM_BACK_LEFT; CAM_BACK_RIGHT","","3.82"
"0287702725184161af95373198546a59","75e1bed6787b45bf89f4a5a630bdf8c0","perception","yes_no","Are there moving trucks to the back left of the ego car?","No.","Yes.","0.0","0.0","0.9945","2609.0","6","CAM_FRONT; CAM_FRONT_LEFT; CAM_FRONT_RIGHT; CAM_BACK; CAM_BACK_LEFT; CAM_BACK_RIGHT","F_other","3.82"
"0287702725184161af95373198546a59","75e1bed6787b45bf89f4a5a630bdf8c0","perception","yes_no","Are there moving trailers to the back left of the ego car?","No.","Yes.","0.0","0.0","0.9945","2602.8","6","CAM_FRONT; CAM_FRONT_LEFT; CAM_FRONT_RIGHT; CAM_BACK; CAM_BACK_LEFT; CAM_BACK_RIGHT","F_other","3.82"
"0287702725184161af95373198546a59","75e1bed6787b45bf89f4a5a630bdf8c0","perception","yes_no","Are there parked cars to the back left of the ego car?","No.","Yes.","0.0","0.0","0.9945","2609.8","6","CAM_FRONT; CAM_FRONT_LEFT; CAM_FRONT_RIGHT; CAM_BACK; CAM_BACK_LEFT; CAM_BACK_RIGHT","F_other","3.82"
"0287702725184161af95373198546a59","75e1bed6787b45bf89f4a5a630bdf8c0","perception","yes_no","Are there motorcycles without riders to the front left of the ego car?","No.","No.","1.0","1.0","1.0","2621.9","6","CAM_FRONT; CAM_FRONT_LEFT; CAM_FRONT_RIGHT; CAM_BACK; CAM_BACK_LEFT; CAM_BACK_RIGHT","","3.82"
"0287702725184161af95373198546a59","75e1bed6787b45bf89f4a5a630bdf8c0","perception","yes_no","Are there standing pedestrians to the back left of the ego car?","No.","Yes.","0.0","0.0","0.9945","2624.5","6","CAM_FRONT; CAM_FRONT_LEFT; CAM_FRONT_RIGHT; CAM_BACK; CAM_BACK_LEFT; CAM_BACK_RIGHT","F_other","3.82"
"0287702725184161af95373198546a59","75e1bed6787b45bf89f4a5a630bdf8c0","perception","yes_no","Are there moving trailers to the front left of the ego car?","Yes.","Yes.","1.0","1.0","1.0","2584.3","6","CAM_FRONT; CAM_FRONT_LEFT; CAM_FRONT_RIGHT; CAM_BACK; CAM_BACK_LEFT; CAM_BACK_RIGHT","","3.82"
"0287702725184161af95373198546a59","75e1bed6787b45bf89f4a5a630bdf8c0","perception","yes_no","Are there moving cars to the front left of the ego car?","Yes.","Yes.","1.0","1.0","1.0","2536.5","6","CAM_FRONT; CAM_FRONT_LEFT; CAM_FRONT_RIGHT; CAM_BACK; CAM_BACK_LEFT; CAM_BACK_RIGHT","","3.82"
"0287702725184161af95373198546a59","75e1bed6787b45bf89f4a5a630bdf8c0","perception","yes_no","Are there parked cars to the front of the ego car?","Yes.","No.","0.0","0.0","0.9945","2580.4","6","CAM_FRONT; CAM_FRONT_LEFT; CAM_FRONT_RIGHT; CAM_BACK; CAM_BACK_LEFT; CAM_BACK_RIGHT","F_other","3.82"
"0287702725184161af95373198546a59","75e1bed6787b45bf89f4a5a630bdf8c0","perception","yes_no","Are there moving cars to the front of the ego car?","Yes.","Yes.","1.0","1.0","1.0","2580.3","6","CAM_FRONT; CAM_FRONT_LEFT; CAM_FRONT_RIGHT; CAM_BACK; CAM_BACK_LEFT; CAM_BACK_RIGHT","","3.82"
"0287702725184161af95373198546a59","75e1bed6787b45bf89f4a5a630bdf8c0","perception","yes_no","Are there barriers to the front left of the ego car?","Yes.","No.","0.0","0.0","0.9945","2585.7","6","CAM_FRONT; CAM_FRONT_LEFT; CAM_FRONT_RIGHT; CAM_BACK; CAM_BACK_LEFT; CAM_BACK_RIGHT","F_other","3.82"
"0287702725184161af95373198546a59","75e1bed6787b45bf89f4a5a630bdf8c0","perception","yes_no","Are there parked cars to the front left of the ego car?","Yes.","No.","0.0","0.0","0.9945","2603.6","6","CAM_FRONT; CAM_FRONT_LEFT; CAM_FRONT_RIGHT; CAM_BACK; CAM_BACK_LEFT; CAM_BACK_RIGHT","F_other","3.82"
"0287702725184161af95373198546a59","75e1bed6787b45bf89f4a5a630bdf8c0","perception","yes_no","Are there barriers to the back left of the ego car?","Yes.","No.","0.0","0.0","0.9945","2617.6","6","CAM_FRONT; CAM_FRONT_LEFT; CAM_FRONT_RIGHT; CAM_BACK; CAM_BACK_LEFT; CAM_BACK_RIGHT","F_other","3.82"
"0287702725184161af95373198546a59","75e1bed6787b45bf89f4a5a630bdf8c0","perception","yes_no","Are there moving cars to the back of the ego car?","Yes.","Yes.","1.0","1.0","1.0","2596.9","6","CAM_FRONT; CAM_FRONT_LEFT; CAM_FRONT_RIGHT; CAM_BACK; CAM_BACK_LEFT; CAM_BACK_RIGHT","","3.82"
"0287702725184161af95373198546a59","75e1bed6787b45bf89f4a5a630bdf8c0","perception","yes_no","Are there moving trucks to the front left of the ego car?","Yes.","Yes.","1.0","1.0","1.0","2620.2","6","CAM_FRONT; CAM_FRONT_LEFT; CAM_FRONT_RIGHT; CAM_BACK; CAM_BACK_LEFT; CAM_BACK_RIGHT","","3.82"
"0287702725184161af95373198546a59","75e1bed6787b45bf89f4a5a630bdf8c0","perception","yes_no","Are there traffic cones to the back left of the ego car?","Yes.","No.","0.0","0.0","0.9945","2613.7","6","CAM_FRONT; CAM_FRONT_LEFT; CAM_FRONT_RIGHT; CAM_BACK; CAM_BACK_LEFT; CAM_BACK_RIGHT","F_other","3.82"
"0287702725184161af95373198546a59","75e1bed6787b45bf89f4a5a630bdf8c0","perception","yes_no","Are there moving trucks to the back of the ego car?","Yes.","Yes.","1.0","1.0","1.0","2632.2","6","CAM_FRONT; CAM_FRONT_LEFT; CAM_FRONT_RIGHT; CAM_BACK; CAM_BACK_LEFT; CAM_BACK_RIGHT","","3.82"
"0287702725184161af95373198546a59","75e1bed6787b45bf89f4a5a630bdf8c0","perception","yes_no","Are there barriers to the front right of the ego car?","Yes.","No.","0.0","0.0","0.9945","2585.0","6","CAM_FRONT; CAM_FRONT_LEFT; CAM_FRONT_RIGHT; CAM_BACK; CAM_BACK_LEFT; CAM_BACK_RIGHT","F_other","3.82"
"0287702725184161af95373198546a59","75e1bed6787b45bf89f4a5a630bdf8c0","perception","yes_no","Are there traffic cones to the front right of the ego car?","Yes.","No.","0.0","0.0","0.9945","2551.9","6","CAM_FRONT; CAM_FRONT_LEFT; CAM_FRONT_RIGHT; CAM_BACK; CAM_BACK_LEFT; CAM_BACK_RIGHT","F_other","3.82"
"0287702725184161af95373198546a59","75e1bed6787b45bf89f4a5a630bdf8c0","perception","yes_no","Are there standing pedestrians to the front of the ego car?","Yes.","Yes.","1.0","1.0","1.0","2580.6","6","CAM_FRONT; CAM_FRONT_LEFT; CAM_FRONT_RIGHT; CAM_BACK; CAM_BACK_LEFT; CAM_BACK_RIGHT","","3.82"
"0287702725184161af95373198546a59","75e1bed6787b45bf89f4a5a630bdf8c0","perception","other_question_type","Please describe the current scene.","There are two moving cars in front of the ego car, many parked cars in front of the ego car, one parked car to the front left of the ego car, one moving truck behind the ego car, one barrier to the front left of the ego car, two barriers to the front right of the ego car, three barriers to the back left of the ego car, one standing pedestrian in front of the ego car, and one traffic cone to the front right of the ego car.","The scene is a city street with a car driving down the road. There are multiple pedestrians walking along the street, and two cars are visible behind the car in front.","0.1667","0.0","0.8632","5440.4","6","CAM_FRONT; CAM_FRONT_LEFT; CAM_FRONT_RIGHT; CAM_BACK; CAM_BACK_LEFT; CAM_BACK_RIGHT","B_wrong_status","3.82"
"0287702725184161af95373198546a59","75e1bed6787b45bf89f4a5a630bdf8c0","perception","what_query","What is the relative positioning of the important objects in the current scene?","the vehicle in front camera is on the front right of the vehicle in front-left camera, the vehicle in back camera is on the back right of the vehicle in front-left camera, the vehicle in front-left camera is on the back right of the vehicle in front-left camera. the vehicle in back camera is on the back of the vehicle in front camera, the vehicle in front-left camera is on the back of the vehicle in front camera and the vehicle in front-left camera is on the front of the vehicle in back camera.","The ego car is in the front, and there are many pedestrians and two cars behind it.","0.1026","0.0","0.8337","2564.5","3","CAM_FRONT; CAM_FRONT_LEFT; CAM_BACK","C_wrong_camera","3.82"
"0287702725184161af95373198546a59","75e1bed6787b45bf89f4a5a630bdf8c0","perception","yes_no","Is there any traffic element in the front view?","Yes, there are traffic elements in the front view.","No.","0.0","0.0","0.9102","2603.9","6","CAM_FRONT; CAM_FRONT_LEFT; CAM_FRONT_RIGHT; CAM_BACK; CAM_BACK_LEFT; CAM_BACK_RIGHT","D_incomplete","3.82"
"0287702725184161af95373198546a59","75e1bed6787b45bf89f4a5a630bdf8c0","perception","planning_other","Identify all the traffic elements in the front view, categorize them, determine their status, and predict the bounding box around each one. The output should be a list formatted as (c, s, x1, y1, x2, y2), where c represents the category, s denotes the status, and x1, y1, x2, y2 are the offsets of the top-left and bottom-right corners of the box relative to the center point.","There are many traffic elements in the front view. The information of these traffic elements is [(traffic light, red, 353.68, 300.75, 376.28, 342.94), (traffic light, red, 454.5, 301.98, 474.83, 345.55), (traffic light, red, 738.87, 423.28, 753.57, 437.33), (traffic light, red, 1131.99, 231.55, 1156.73, 332.07), (traffic light, unknown, 1539.2, 92.37, 1587.38, 188.72)].","","0.0","0.0","","10482.8","6","CAM_FRONT; CAM_FRONT_LEFT; CAM_FRONT_RIGHT; CAM_BACK; CAM_BACK_LEFT; CAM_BACK_RIGHT","D_incomplete","3.82"
"0287702725184161af95373198546a59","75e1bed6787b45bf89f4a5a630bdf8c0","perception","which_query","Which lanes are each important object on in the scene?","the vehicle in back camera is in the left lane and the vehicle in front-left camera is also in the left lane.","Cam Back: There are two lanes. Cam Front Left: There are two lanes.","0.2778","0.0","0.8785","1971.6","2","CAM_BACK; CAM_FRONT_LEFT","F_other","3.82"
"0287702725184161af95373198546a59","75e1bed6787b45bf89f4a5a630bdf8c0","perception","what_query","What are the important objects in the current scene? Those objects will be considered for the future reasoning and driving decision.","There is a white and yellow truck to the front left of the ego vehicle, a black SUV to the front of the ego vehicle, a silver pickup truck to the back of the ego vehicle, a blue sedan to the front left of the ego vehicle, and a black traffic light to the front of the ego vehicle. The IDs of these objects are the vehicle in front-left camera, the vehicle in front camera, the vehicle in back camera, the vehicle in front-left camera, and the traffic element in front camera.","There are many pedestrians and two cars behind the ego car.","0.0762","0.0","0.8315","2010.6","3","CAM_FRONT_LEFT; CAM_FRONT; CAM_BACK","D_incomplete","3.82"
"0287702725184161af95373198546a59","75e1bed6787b45bf89f4a5a630bdf8c0","perception","what_query","What is the observed status of the vehicle in front-left camera?","Moving.","Moving.","1.0","1.0","1.0","749.9","1","CAM_FRONT_LEFT","","3.82"
"0287702725184161af95373198546a59","75e1bed6787b45bf89f4a5a630bdf8c0","perception","what_query","What is the moving status of the vehicle in front-left camera?","Going ahead.","Moving.","0.0","0.0","0.9201","750.5","1","CAM_FRONT_LEFT","F_other","3.82"
"0287702725184161af95373198546a59","75e1bed6787b45bf89f4a5a630bdf8c0","perception","what_query","What is the observed status of the vehicle in front camera?","Moving.","Moving.","1.0","1.0","1.0","753.6","1","CAM_FRONT","","3.82"
"0287702725184161af95373198546a59","75e1bed6787b45bf89f4a5a630bdf8c0","perception","what_query","What is the moving status of the vehicle in front camera?","Going ahead.","Moving.","0.0","0.0","0.9201","756.1","1","CAM_FRONT","F_other","3.82"
"0287702725184161af95373198546a59","75e1bed6787b45bf89f4a5a630bdf8c0","perception","what_query","What is the observed status of the vehicle in back camera?","Stationary.","Moving.","0.0","0.0","0.9269","757.6","1","CAM_BACK","B_wrong_status","3.82"
"0287702725184161af95373198546a59","75e1bed6787b45bf89f4a5a630bdf8c0","perception","what_query","What is the observed status of the vehicle in front-left camera?","Stationary.","Moving.","0.0","0.0","0.9269","757.8","1","CAM_FRONT_LEFT","B_wrong_status","3.82"
"0287702725184161af95373198546a59","75e1bed6787b45bf89f4a5a630bdf8c0","perception","visual_description","What is the visual description of the vehicle in front-left camera?","The visual description of the vehicle in front-left camera is a white and yellow truck.","There is a blue car in front of the ego car.","0.1481","0.0","0.8533","1245.0","1","CAM_FRONT_LEFT","C_wrong_camera","3.82"
"0287702725184161af95373198546a59","75e1bed6787b45bf89f4a5a630bdf8c0","perception","visual_description","What is the visual description of the vehicle in front camera?","Black SUV.","The vehicle in front camera is a black car.","0.1818","0.0","0.8813","1089.2","1","CAM_FRONT","F_other","3.82"
"0287702725184161af95373198546a59","75e1bed6787b45bf89f4a5a630bdf8c0","perception","visual_description","What is the visual description of the vehicle in back camera?","Silver pickup truck.","Moving.","0.0","0.0","0.9031","789.4","1","CAM_BACK","D_incomplete","3.82"
"0287702725184161af95373198546a59","75e1bed6787b45bf89f4a5a630bdf8c0","perception","visual_description","What is the visual description of the vehicle in front-left camera?","Blue sedan.","There is a blue car in front of the ego car.","0.1538","0.0","0.8737","1250.3","1","CAM_FRONT_LEFT","F_other","3.82"
"0287702725184161af95373198546a59","75e1bed6787b45bf89f4a5a630bdf8c0","perception","visual_description","What is the visual description of the traffic element in front camera?","Black traffic light.","There is a black car in front of the camera.","0.1538","0.0","0.8735","1149.2","1","CAM_FRONT","F_other","3.82"
"0287702725184161af95373198546a59","75e1bed6787b45bf89f4a5a630bdf8c0","prediction","yes_no","Is the object in front-left camera a traffic sign or a road barrier?","No.","There are two traffic signs to the left.","0.0","0.0","0.903","1046.3","1","CAM_FRONT_LEFT","F_other","3.82"
"0287702725184161af95373198546a59","75e1bed6787b45bf89f4a5a630bdf8c0","prediction","which_query","Which object is most likely to be occluded by the vehicle in front-left camera? Would this object affect the ego vehicle? Based on this object, what action of the ego vehicle is dangerous?","None, no, none.","There is a truck in front of the car. The truck is most likely to be occluded by the vehicle in front-left camera.","0.0","0.0","0.8279","5630.2","1","CAM_FRONT_LEFT","A_hallucination","3.82"
"0287702725184161af95373198546a59","75e1bed6787b45bf89f4a5a630bdf8c0","prediction","other_question_type","Would the vehicle in front-left camera be in the moving direction of the ego vehicle?","No.","No.","1.0","1.0","1.0","735.3","1","CAM_FRONT_LEFT","","3.82"
"0287702725184161af95373198546a59","75e1bed6787b45bf89f4a5a630bdf8c0","prediction","what_query","What is the future state of the vehicle in front-left camera?","Keep going straight.","Moving","0.0","0.0","0.8638","727.3","1","CAM_FRONT_LEFT","D_incomplete","3.82"
"0287702725184161af95373198546a59","75e1bed6787b45bf89f4a5a630bdf8c0","prediction","yes_no","Is the object in front camera a traffic sign or a road barrier?","No.","No.","1.0","1.0","1.0","730.6","1","CAM_FRONT","","3.82"
"0287702725184161af95373198546a59","75e1bed6787b45bf89f4a5a630bdf8c0","prediction","which_query","Which object is most likely to be occluded by the vehicle in front camera? Would this object affect the ego vehicle? Based on this object, what action of the ego vehicle is dangerous?","None, no, none.","There is a car in front of the vehicle. The car in front of the vehicle is most likely to be occluded by the vehicle in front camera. This car could affect the ego vehicle's decision-making process, especially if it is moving or changing lanes. The ego vehicle is moving.","0.0","0.0","0.8166","3947.1","1","CAM_FRONT","A_hallucination","3.82"
"0287702725184161af95373198546a59","75e1bed6787b45bf89f4a5a630bdf8c0","prediction","other_question_type","Would the vehicle in front camera be in the moving direction of the ego vehicle?","Yes.","Yes.","1.0","1.0","1.0","732.0","1","CAM_FRONT","","3.82"
"0287702725184161af95373198546a59","75e1bed6787b45bf89f4a5a630bdf8c0","prediction","what_query","What is the future state of the vehicle in front camera?","Keep going straight.","Moving.","0.0","0.0","0.9134","799.2","1","CAM_FRONT","D_incomplete","3.82"
"0287702725184161af95373198546a59","75e1bed6787b45bf89f4a5a630bdf8c0","prediction","yes_no","Is the object in back camera a traffic sign or a road barrier?","No.","There are two cars in the back camera.","0.0","0.0","0.8903","1092.4","1","CAM_BACK","F_other","3.82"
"0287702725184161af95373198546a59","75e1bed6787b45bf89f4a5a630bdf8c0","prediction","other_question_type","Would the vehicle in back camera be in the moving direction of the ego vehicle?","No.","No.","1.0","1.0","1.0","763.1","1","CAM_BACK","","3.82"
"0287702725184161af95373198546a59","75e1bed6787b45bf89f4a5a630bdf8c0","prediction","what_query","What is the future state of the vehicle in back camera?","Stationary.","Moving.","0.0","0.0","0.9269","781.7","1","CAM_BACK","B_wrong_status","3.82"
"0287702725184161af95373198546a59","75e1bed6787b45bf89f4a5a630bdf8c0","prediction","yes_no","Is the object in front-left camera a traffic sign or a road barrier?","No.","There are two traffic signs to the left.","0.0","0.0","0.903","1086.9","1","CAM_FRONT_LEFT","F_other","3.82"
"0287702725184161af95373198546a59","75e1bed6787b45bf89f4a5a630bdf8c0","prediction","other_question_type","Would the vehicle in front-left camera be in the moving direction of the ego vehicle?","No.","No.","1.0","1.0","1.0","706.9","1","CAM_FRONT_LEFT","","3.82"
"0287702725184161af95373198546a59","75e1bed6787b45bf89f4a5a630bdf8c0","prediction","what_query","What is the future state of the vehicle in front-left camera?","Stationary.","Moving","0.0","0.0","0.8905","707.0","1","CAM_FRONT_LEFT","B_wrong_status","3.82"
"0287702725184161af95373198546a59","75e1bed6787b45bf89f4a5a630bdf8c0","prediction","yes_no","Is the object in front camera a traffic sign or a road barrier?","Yes.","No.","0.0","0.0","0.9945","718.9","1","CAM_FRONT","F_other","3.82"
"0287702725184161af95373198546a59","75e1bed6787b45bf89f4a5a630bdf8c0","prediction","other_question_type","Would the traffic element in front camera be in the moving direction of the ego vehicle?","No.","No.","1.0","1.0","1.0","726.9","1","CAM_FRONT","","3.82"
"0287702725184161af95373198546a59","75e1bed6787b45bf89f4a5a630bdf8c0","prediction","what_query","What does the traffic element in front camera mean?","No entry.","None.","0.0","0.0","0.9196","724.0","1","CAM_FRONT","F_other","3.82"
"0287702725184161af95373198546a59","75e1bed6787b45bf89f4a5a630bdf8c0","prediction","other_question_type","In this scenario, what object is most likely to consider the traffic element in front camera?","The ego vehicle.","None.","0.0","0.0","0.9128","711.2","1","CAM_FRONT","D_incomplete","3.82"
"0287702725184161af95373198546a59","75e1bed6787b45bf89f4a5a630bdf8c0","prediction","what_query","What object should the ego vehicle notice first when the ego vehicle is getting to the next possible location? What is the state of the object that is first noticed by the ego vehicle and what action should the ego vehicle take? What object should the ego vehicle notice second when the ego vehicle is getting to the next possible location? What is the state of the object perceived by the ego vehicle as second and what action should the ego vehicle take? What object should the ego vehicle notice third? What is the state of the object perceived by the ego vehicle as third and what action should the ego vehicle take?","Firstly, notice the traffic element in front camera. The state of the object is a traffic sign, so the ego vehicle should decelerate gradually until it comes to a stop. Secondly, notice the vehicle in front camera. The state of the object is going ahead, so the ego vehicle should keep stationary. Thirdly, notice the vehicle in front-left camera. The state of the object is going ahead, so the ego vehicle should keep stationary.","There are 3 traffic lights to the right.","0.0723","0.0","0.8385","1525.0","2","CAM_FRONT; CAM_FRONT_LEFT","C_wrong_camera","3.82"
"0287702725184161af95373198546a59","75e1bed6787b45bf89f4a5a630bdf8c0","prediction","yes_no","Are the object in front camera and the object in front-left camera traffic signs?","Neither is a traffic sign.","No.","0.0","0.0","0.8958","1057.9","2","CAM_FRONT; CAM_FRONT_LEFT","D_incomplete","3.82"
"0287702725184161af95373198546a59","75e1bed6787b45bf89f4a5a630bdf8c0","prediction","future_state","Will the vehicle in front camera be in the moving direction of the vehicle in front-left camera?","Yes.","Yes.","1.0","1.0","1.0","1061.9","2","CAM_FRONT; CAM_FRONT_LEFT","","3.82"
"0287702725184161af95373198546a59","75e1bed6787b45bf89f4a5a630bdf8c0","prediction","future_state","Will the vehicle in front camera change its motion state based on the vehicle in front-left camera?","No.","No.","1.0","1.0","1.0","1077.0","2","CAM_FRONT; CAM_FRONT_LEFT","","3.82"
"0287702725184161af95373198546a59","75e1bed6787b45bf89f4a5a630bdf8c0","prediction","other_question_type","Based on the observations of the vehicle in front-left camera, what are possible actions to be taken by the vehicle in front camera? What is the reason?","The action is to keep going at the same speed; the reason is to maintain a safe distance.","The vehicle in front-left camera is moving. The possible actions to be taken by the vehicle in front camera are to slow down, stop, or change lanes to ensure safety and avoid collisions with other vehicles or obstacles.","0.1754","0.0","0.8579","4408.9","2","CAM_FRONT_LEFT; CAM_FRONT","F_other","3.82"
"0287702725184161af95373198546a59","75e1bed6787b45bf89f4a5a630bdf8c0","prediction","what_query","What object would consider the vehicle in front camera to be most relevant to its decision?","the vehicle in front-left camera.","There are two trucks to the right.","0.1538","0.0","0.8904","1454.7","2","CAM_FRONT; CAM_FRONT_LEFT","C_wrong_camera","3.82"
"0287702725184161af95373198546a59","75e1bed6787b45bf89f4a5a630bdf8c0","prediction","what_query","What object would consider the vehicle in front-left camera to be most relevant to its decision?","None.","The ego vehicle.","0.0","0.0","0.9128","888.6","1","CAM_FRONT_LEFT","F_other","3.82"
"0287702725184161af95373198546a59","75e1bed6787b45bf89f4a5a630bdf8c0","prediction","yes_no","Are the object in front camera and the object in front-left camera traffic signs?","Only one of the boxes is a traffic sign.","No.","0.0","0.0","0.8834","1068.7","2","CAM_FRONT; CAM_FRONT_LEFT","D_incomplete","3.82"
"0287702725184161af95373198546a59","75e1bed6787b45bf89f4a5a630bdf8c0","prediction","future_state","Will the traffic element in front camera be in the moving direction of the vehicle in front-left camera?","Yes.","No.","0.0","0.0","0.9945","1111.1","2","CAM_FRONT; CAM_FRONT_LEFT","F_other","3.82"
"0287702725184161af95373198546a59","75e1bed6787b45bf89f4a5a630bdf8c0","prediction","other_question_type","Would the vehicle in front-left camera take the traffic element in front camera into account?","Yes.","No.","0.0","0.0","0.9945","1133.5","2","CAM_FRONT_LEFT; CAM_FRONT","F_other","3.82"
"0287702725184161af95373198546a59","75e1bed6787b45bf89f4a5a630bdf8c0","prediction","what_query","What object would consider the traffic element in front camera to be most relevant to its decision?","The ego vehicle.","None.","0.0","0.0","0.9128","769.2","1","CAM_FRONT","D_incomplete","3.82"
"0287702725184161af95373198546a59","75e1bed6787b45bf89f4a5a630bdf8c0","prediction","other_question_type","Except for the ego vehicle, what object would consider the traffic element in front camera to be most relevant to its decision?","the vehicle in front-left camera.","None.","0.0","0.0","0.8783","1106.3","2","CAM_FRONT; CAM_FRONT_LEFT","D_incomplete","3.82"
"0287702725184161af95373198546a59","75e1bed6787b45bf89f4a5a630bdf8c0","prediction","what_query","What object would consider the vehicle in front-left camera to be most relevant to its decision?","the vehicle in back camera.","There are two vehicles to the left.","0.1667","0.0","0.8907","1352.9","2","CAM_FRONT_LEFT; CAM_BACK","C_wrong_camera","3.82"
"0287702725184161af95373198546a59","75e1bed6787b45bf89f4a5a630bdf8c0","prediction","what_query","What kind of traffic sign is the object in front camera?","Traffic light.","None.","0.0","0.0","0.9294","769.1","1","CAM_FRONT","F_other","3.82"
"0287702725184161af95373198546a59","75e1bed6787b45bf89f4a5a630bdf8c0","planning","yes_no","Is the vehicle in front-left camera an object that the ego vehicle should consider in the current scene?","No.","Yes.","0.0","0.0","0.9945","2889.0","6","CAM_FRONT; CAM_FRONT_LEFT; CAM_FRONT_RIGHT; CAM_BACK; CAM_BACK_LEFT; CAM_BACK_RIGHT","E_planning_error","3.82"
"0287702725184161af95373198546a59","75e1bed6787b45bf89f4a5a630bdf8c0","planning","what_query","What actions could the ego vehicle take based on the vehicle in front-left camera? Why take this action and what's the probability?","The action is to keep stationary, the reason is to follow the traffic rules, high.","Low.","0.0","0.0","0.8769","4733.2","6","CAM_FRONT; CAM_FRONT_LEFT; CAM_FRONT_RIGHT; CAM_BACK; CAM_BACK_LEFT; CAM_BACK_RIGHT","D_incomplete","3.82"
"0287702725184161af95373198546a59","75e1bed6787b45bf89f4a5a630bdf8c0","planning","what_query","What is the probability of colliding with the vehicle in front-left camera after the ego vehicle steps on the brakes?","Low.","Low.","1.0","1.0","1.0","2813.9","6","CAM_FRONT; CAM_FRONT_LEFT; CAM_FRONT_RIGHT; CAM_BACK; CAM_BACK_LEFT; CAM_BACK_RIGHT","","3.82"
"0287702725184161af95373198546a59","75e1bed6787b45bf89f4a5a630bdf8c0","planning","what_query","What actions taken by the ego vehicle can lead to a collision with the vehicle in front-left camera?","Go straight.","Accelerate and go straight actions taken by the ego vehicle can lead to a collision with the vehicle in front-left camera.","0.1667","0.0","0.8667","4472.6","6","CAM_FRONT; CAM_FRONT_LEFT; CAM_FRONT_RIGHT; CAM_BACK; CAM_BACK_LEFT; CAM_BACK_RIGHT","A_hallucination","3.82"
"0287702725184161af95373198546a59","75e1bed6787b45bf89f4a5a630bdf8c0","planning","yes_no","Is the vehicle in front camera an object that the ego vehicle should consider in the current scene?","No.","Yes.","0.0","0.0","0.9945","2824.1","6","CAM_FRONT; CAM_FRONT_LEFT; CAM_FRONT_RIGHT; CAM_BACK; CAM_BACK_LEFT; CAM_BACK_RIGHT","E_planning_error","3.82"
"0287702725184161af95373198546a59","75e1bed6787b45bf89f4a5a630bdf8c0","planning","what_query","What actions could the ego vehicle take based on the vehicle in front camera? Why take this action and what's the probability?","The action is to keep stationary. The reason is to follow the traffic rules, which is high probability.","High.","0.1053","0.0","0.8791","4607.8","6","CAM_FRONT; CAM_FRONT_LEFT; CAM_FRONT_RIGHT; CAM_BACK; CAM_BACK_LEFT; CAM_BACK_RIGHT","D_incomplete","3.82"
"0287702725184161af95373198546a59","75e1bed6787b45bf89f4a5a630bdf8c0","planning","what_query","What is the probability of colliding with the vehicle in front camera after the ego vehicle goes straight and keeps the same speed?","Low.","Low.","1.0","1.0","1.0","2843.0","6","CAM_FRONT; CAM_FRONT_LEFT; CAM_FRONT_RIGHT; CAM_BACK; CAM_BACK_LEFT; CAM_BACK_RIGHT","","3.82"
"0287702725184161af95373198546a59","75e1bed6787b45bf89f4a5a630bdf8c0","planning","what_query","What actions taken by the ego vehicle can lead to a collision with the vehicle in front camera?","No such action will lead to a collision.","Accelerate and go straight actions taken by the ego vehicle can lead to a collision with the vehicle in front camera.","0.3448","0.0","0.8904","4379.6","6","CAM_FRONT; CAM_FRONT_LEFT; CAM_FRONT_RIGHT; CAM_BACK; CAM_BACK_LEFT; CAM_BACK_RIGHT","","3.82"
"0287702725184161af95373198546a59","75e1bed6787b45bf89f4a5a630bdf8c0","planning","yes_no","Is the vehicle in back camera an object that the ego vehicle should consider in the current scene?","No.","Yes.","0.0","0.0","0.9945","2857.2","6","CAM_FRONT; CAM_FRONT_LEFT; CAM_FRONT_RIGHT; CAM_BACK; CAM_BACK_LEFT; CAM_BACK_RIGHT","E_planning_error","3.82"
"0287702725184161af95373198546a59","75e1bed6787b45bf89f4a5a630bdf8c0","planning","what_query","What actions could the ego vehicle take based on the vehicle in back camera? Why take this action and what's the probability?","The action is to keep stationary, the reason is to follow the traffic rules, high.","High.","0.125","0.0","0.8813","4759.3","6","CAM_FRONT; CAM_FRONT_LEFT; CAM_FRONT_RIGHT; CAM_BACK; CAM_BACK_LEFT; CAM_BACK_RIGHT","D_incomplete","3.82"
"0287702725184161af95373198546a59","75e1bed6787b45bf89f4a5a630bdf8c0","planning","what_query","What is the probability of colliding with the vehicle in back camera after the ego vehicle speeds up and turns right?","Low.","High.","0.0","0.0","0.9778","2819.7","6","CAM_FRONT; CAM_FRONT_LEFT; CAM_FRONT_RIGHT; CAM_BACK; CAM_BACK_LEFT; CAM_BACK_RIGHT","E_planning_error","3.82"
"0287702725184161af95373198546a59","75e1bed6787b45bf89f4a5a630bdf8c0","planning","yes_no","Is the vehicle in front-left camera an object that the ego vehicle should consider in the current scene?","No.","Yes.","0.0","0.0","0.9945","2817.4","6","CAM_FRONT; CAM_FRONT_LEFT; CAM_FRONT_RIGHT; CAM_BACK; CAM_BACK_LEFT; CAM_BACK_RIGHT","E_planning_error","3.82"
"0287702725184161af95373198546a59","75e1bed6787b45bf89f4a5a630bdf8c0","planning","what_query","What actions could the ego vehicle take based on the vehicle in front-left camera? Why take this action and what's the probability?","The action is to remain stationary. The reason is to follow the traffic rules, which has a high probability.","Low.","0.0","0.0","0.8793","4688.4","6","CAM_FRONT; CAM_FRONT_LEFT; CAM_FRONT_RIGHT; CAM_BACK; CAM_BACK_LEFT; CAM_BACK_RIGHT","D_incomplete","3.82"
"0287702725184161af95373198546a59","75e1bed6787b45bf89f4a5a630bdf8c0","planning","what_query","What is the probability of colliding with the vehicle in front-left camera after the ego vehicle goes straight and keeps the same speed?","Low.","Low.","1.0","1.0","1.0","2852.5","6","CAM_FRONT; CAM_FRONT_LEFT; CAM_FRONT_RIGHT; CAM_BACK; CAM_BACK_LEFT; CAM_BACK_RIGHT","","3.82"
"0287702725184161af95373198546a59","75e1bed6787b45bf89f4a5a630bdf8c0","planning","what_query","What actions taken by the ego vehicle can lead to a collision with the vehicle in front-left camera?","Sharp left turn.","Accelerate and go straight actions taken by the ego vehicle can lead to a collision with the vehicle in front-left camera.","0.08","0.0","0.8485","4492.5","6","CAM_FRONT; CAM_FRONT_LEFT; CAM_FRONT_RIGHT; CAM_BACK; CAM_BACK_LEFT; CAM_BACK_RIGHT","A_hallucination","3.82"
"0287702725184161af95373198546a59","75e1bed6787b45bf89f4a5a630bdf8c0","planning","yes_no","Is it necessary for the ego vehicle to take the traffic element in front camera into account?","Yes.","Yes.","1.0","1.0","1.0","2850.0","6","CAM_FRONT; CAM_FRONT_LEFT; CAM_FRONT_RIGHT; CAM_BACK; CAM_BACK_LEFT; CAM_BACK_RIGHT","","3.82"
"0287702725184161af95373198546a59","75e1bed6787b45bf89f4a5a630bdf8c0","planning","other_question_type","Based on the traffic element in front camera in this scene, what is the most possible action of the ego vehicle?","Brake gently to a stop.","The most possible action of the ego vehicle is to accelerate and go straight.","0.1053","0.0","0.8444","3967.4","6","CAM_FRONT; CAM_FRONT_LEFT; CAM_FRONT_RIGHT; CAM_BACK; CAM_BACK_LEFT; CAM_BACK_RIGHT","E_planning_error","3.82"
"0287702725184161af95373198546a59","75e1bed6787b45bf89f4a5a630bdf8c0","planning","what_query","What is the traffic signal that the ego vehicle should pay attention to?","Red light.","The traffic signal that the ego vehicle should pay attention to is the one in the front left camera.","0.0","0.0","0.8734","3640.5","6","CAM_FRONT; CAM_FRONT_LEFT; CAM_FRONT_RIGHT; CAM_BACK; CAM_BACK_LEFT; CAM_BACK_RIGHT","A_hallucination","3.82"
"0287702725184161af95373198546a59","75e1bed6787b45bf89f4a5a630bdf8c0","planning","what_query","What is the target action of the ego vehicle?","Stationary.","The target action of the ego vehicle is to keep going at the same speed. The reason is to maintain a safe distance, which is high.","0.0","0.0","0.8439","4066.1","6","CAM_FRONT; CAM_FRONT_LEFT; CAM_FRONT_RIGHT; CAM_BACK; CAM_BACK_LEFT; CAM_BACK_RIGHT","A_hallucination","3.82"
"0287702725184161af95373198546a59","75e1bed6787b45bf89f4a5a630bdf8c0","planning","other_question_type","In this scenario, what are safe actions to take for the ego vehicle?","Brake gently to a stop, slightly offset to the right, slightly offset to the left, or turn right.","In this scenario, the ego vehicle should maintain a safe distance from the vehicle in front camera. This can be achieved by accelerating and going straight.","0.0909","0.0","0.839","4935.0","6","CAM_FRONT; CAM_FRONT_LEFT; CAM_FRONT_RIGHT; CAM_BACK; CAM_BACK_LEFT; CAM_BACK_RIGHT","A_hallucination","3.82"
"0287702725184161af95373198546a59","75e1bed6787b45bf89f4a5a630bdf8c0","planning","other_question_type","In this scenario, what are dangerous actions to take for the ego vehicle?","Accelerate and go ahead, turn left, and back up.","High.","0.0","0.0","0.8703","5736.9","6","CAM_FRONT; CAM_FRONT_LEFT; CAM_FRONT_RIGHT; CAM_BACK; CAM_BACK_LEFT; CAM_BACK_RIGHT","D_incomplete","3.82"
"0287702725184161af95373198546a59","75e1bed6787b45bf89f4a5a630bdf8c0","planning","what_query","What is the priority of the objects that the ego vehicle should consider?(in descending order)","The priority of the objects that the ego vehicle should consider (in descending order) is the traffic element in front camera, the vehicle in front camera, the vehicle in front-left camera, the vehicle in front-left camera, the vehicle in back camera.","There are 5 vehicles to the right.","0.08","0.0","0.8464","3757.6","6","CAM_FRONT; CAM_FRONT_LEFT; CAM_FRONT_RIGHT; CAM_BACK; CAM_BACK_LEFT; CAM_BACK_RIGHT","C_wrong_camera","3.82"
"0287702725184161af95373198546a59","75e1bed6787b45bf89f4a5a630bdf8c0","planning","other_question_type","Based on the observation of the traffic element in front camera, what actions may the vehicle in front-left camera take?","None.","The vehicle in front-left camera may take the action of accelerating and going straight to maintain a safe distance from the traffic element.","0.0","0.0","0.8673","4934.4","6","CAM_FRONT; CAM_FRONT_LEFT; CAM_FRONT_RIGHT; CAM_BACK; CAM_BACK_LEFT; CAM_BACK_RIGHT","A_hallucination","3.82"
"0287702725184161af95373198546a59","75e1bed6787b45bf89f4a5a630bdf8c0","planning","what_query","What actions taken by the ego vehicle can lead to a collision with the vehicle in back camera?","Reversing left rear.","Accelerate and go straight actions taken by the ego vehicle can lead to a collision with the vehicle in back camera.","0.0","0.0","0.8378","4635.1","6","CAM_FRONT; CAM_FRONT_LEFT; CAM_FRONT_RIGHT; CAM_BACK; CAM_BACK_LEFT; CAM_BACK_RIGHT","A_hallucination","3.82"
"0287702725184161af95373198546a59","75e1bed6787b45bf89f4a5a630bdf8c0","planning","what_query","What's your comment on this scene?","Fog obstructs the driver's visibility.","The scene shows a construction site with a fence and a building under construction. There are multiple cars parked around the area, and a truck is also present.","0.0588","0.0","0.8511","5709.2","6","CAM_FRONT; CAM_FRONT_LEFT; CAM_FRONT_RIGHT; CAM_BACK; CAM_BACK_LEFT; CAM_BACK_RIGHT","A_hallucination","3.82"
"0287702725184161af95373198546a59","75e1bed6787b45bf89f4a5a630bdf8c0","behavior","ego_behavior_prediction","Predict the behavior of the ego vehicle.","The ego vehicle is going straight. The ego vehicle is not moving.","The ego vehicle is going straight. The ego vehicle is driving fast.","0.8333","0.0","0.9741","3676.0","6","CAM_FRONT; CAM_FRONT_LEFT; CAM_FRONT_RIGHT; CAM_BACK; CAM_BACK_LEFT; CAM_BACK_RIGHT","","3.82"
"0287702725184161af95373198546a59","80481b4847f14ac1897308b13853e344","perception","object_enumeration","What are objects to the back left of the ego car?","There are many barriers, many traffic cones, and one construction vehicle to the back left of the ego car.","There are two cars behind the ego car.","0.3704","0.0","0.9087","3304.9","6","CAM_FRONT; CAM_FRONT_LEFT; CAM_FRONT_RIGHT; CAM_BACK; CAM_BACK_LEFT; CAM_BACK_RIGHT","","3.82"
"0287702725184161af95373198546a59","80481b4847f14ac1897308b13853e344","perception","object_enumeration","What are objects to the front of the ego car?","There are many cars and one pedestrian in front of the ego car.","There are two cars and a pedestrian in front of the ego car.","0.8462","0.0","0.9749","3580.0","6","CAM_FRONT; CAM_FRONT_LEFT; CAM_FRONT_RIGHT; CAM_BACK; CAM_BACK_LEFT; CAM_BACK_RIGHT","","3.82"
"0287702725184161af95373198546a59","80481b4847f14ac1897308b13853e344","perception","status_query","What is the status of the cars that are to the front of the ego car?","Many cars are parked.","There are two cars in front of the ego car.","0.1429","0.0","0.9066","3308.8","6","CAM_FRONT; CAM_FRONT_LEFT; CAM_FRONT_RIGHT; CAM_BACK; CAM_BACK_LEFT; CAM_BACK_RIGHT","F_other","3.82"
"0287702725184161af95373198546a59","80481b4847f14ac1897308b13853e344","perception","object_enumeration","What are objects to the front right of the ego car?","There is one trailer, three trucks, one car, two barriers, and one traffic cone to the front right of the ego car.","There are two cars and a pedestrian to the front right of the ego car.","0.5946","0.0","0.9259","3630.8","6","CAM_FRONT; CAM_FRONT_LEFT; CAM_FRONT_RIGHT; CAM_BACK; CAM_BACK_LEFT; CAM_BACK_RIGHT","","3.82"
"0287702725184161af95373198546a59","80481b4847f14ac1897308b13853e344","perception","status_query","What is the status of the trailer that is to the front right of the ego car?","One trailer is moving.","Moving.","0.4","0.0","0.9025","2792.7","6","CAM_FRONT; CAM_FRONT_LEFT; CAM_FRONT_RIGHT; CAM_BACK; CAM_BACK_LEFT; CAM_BACK_RIGHT","","3.82"
"0287702725184161af95373198546a59","80481b4847f14ac1897308b13853e344","perception","object_enumeration","What are objects to the front left of the ego car?","There are three barriers, one pedestrian, two trucks, many cars, and one traffic cone to the front left of the ego car.","There are two cars and a pedestrian to the front left of the ego car.","0.7027","0.0","0.934","3598.0","6","CAM_FRONT; CAM_FRONT_LEFT; CAM_FRONT_RIGHT; CAM_BACK; CAM_BACK_LEFT; CAM_BACK_RIGHT","","3.82"
"0287702725184161af95373198546a59","80481b4847f14ac1897308b13853e344","perception","status_query","What is the status of the trucks that are to the front right of the ego car?","Three trucks are moving.","There are two trucks to the front right of the ego car.","0.125","0.0","0.8932","3392.4","6","CAM_FRONT; CAM_FRONT_LEFT; CAM_FRONT_RIGHT; CAM_BACK; CAM_BACK_LEFT; CAM_BACK_RIGHT","F_other","3.82"
"0287702725184161af95373198546a59","80481b4847f14ac1897308b13853e344","perception","status_query","What is the status of the pedestrian that is to the front of the ego car?","The pedestrian in front of the ego car is standing.","There is a pedestrian walking in front of the ego car.","0.6667","0.0","0.9546","3414.6","6","CAM_FRONT; CAM_FRONT_LEFT; CAM_FRONT_RIGHT; CAM_BACK; CAM_BACK_LEFT; CAM_BACK_RIGHT","","3.82"
"0287702725184161af95373198546a59","80481b4847f14ac1897308b13853e344","perception","object_enumeration","What are objects to the back of the ego car?","There are two cars and two trucks behind the ego car.","There are many pedestrians and two cars behind the ego car.","0.7273","0.0","0.9584","3478.1","6","CAM_FRONT; CAM_FRONT_LEFT; CAM_FRONT_RIGHT; CAM_BACK; CAM_BACK_LEFT; CAM_BACK_RIGHT","","3.82"
"0287702725184161af95373198546a59","80481b4847f14ac1897308b13853e344","perception","status_query","What is the status of the cars that are to the back of the ego car?","One of the cars is moving, and one is parked.","There are two cars behind the ego car.","0.2222","0.0","0.8863","3174.6","6","CAM_FRONT; CAM_FRONT_LEFT; CAM_FRONT_RIGHT; CAM_BACK; CAM_BACK_LEFT; CAM_BACK_RIGHT","F_other","3.82"
"0287702725184161af95373198546a59","80481b4847f14ac1897308b13853e344","perception","status_query","What is the status of the pedestrian that is to the front left of the ego car?","The pedestrian to the front left of the ego car is moving.","There is a pedestrian walking to the front left of the ego car.","0.72","0.0","0.9659","3677.6","6","CAM_FRONT; CAM_FRONT_LEFT; CAM_FRONT_RIGHT; CAM_BACK; CAM_BACK_LEFT; CAM_BACK_RIGHT","","3.82"
"0287702725184161af95373198546a59","80481b4847f14ac1897308b13853e344","perception","status_query","What is the status of the trucks that are to the front left of the ego car?","One of the trucks is moving, and one is parked.","There are two trucks to the front left of the ego car.","0.1818","0.0","0.8826","3574.9","6","CAM_FRONT; CAM_FRONT_LEFT; CAM_FRONT_RIGHT; CAM_BACK; CAM_BACK_LEFT; CAM_BACK_RIGHT","F_other","3.82"
"0287702725184161af95373198546a59","80481b4847f14ac1897308b13853e344","perception","status_query","What is the status of the cars that are to the front left of the ego car?","Two of the cars are moving, and two are parked.","There are two cars behind the ego car.","0.3333","0.0","0.8942","3242.4","6","CAM_FRONT; CAM_FRONT_LEFT; CAM_FRONT_RIGHT; CAM_BACK; CAM_BACK_LEFT; CAM_BACK_RIGHT","","3.82"
"0287702725184161af95373198546a59","80481b4847f14ac1897308b13853e344","perception","status_query","What is the status of the car that is to the front right of the ego car?","The car to the front right of the ego car is moving.","Moving.","0.1538","0.0","0.8768","2811.4","6","CAM_FRONT; CAM_FRONT_LEFT; CAM_FRONT_RIGHT; CAM_BACK; CAM_BACK_LEFT; CAM_BACK_RIGHT","D_incomplete","3.82"
"0287702725184161af95373198546a59","80481b4847f14ac1897308b13853e344","perception","status_query","What is the status of the construction vehicle that is to the back left of the ego car?","One construction vehicle is parked.","Moving.","0.0","0.0","0.8826","2749.3","6","CAM_FRONT; CAM_FRONT_LEFT; CAM_FRONT_RIGHT; CAM_BACK; CAM_BACK_LEFT; CAM_BACK_RIGHT","B_wrong_status","3.82"
"0287702725184161af95373198546a59","80481b4847f14ac1897308b13853e344","perception","status_query","What is the status of the trucks that are to the back of the ego car?","One of the trucks is moving, and one is parked.","There are two trucks behind the ego car.","0.1111","0.0","0.8864","3240.7","6","CAM_FRONT; CAM_FRONT_LEFT; CAM_FRONT_RIGHT; CAM_BACK; CAM_BACK_LEFT; CAM_BACK_RIGHT","F_other","3.82"
"0287702725184161af95373198546a59","80481b4847f14ac1897308b13853e344","perception","yes_no","Are there moving construction vehicles to the back of the ego car?","No.","Yes.","0.0","0.0","0.9945","2596.5","6","CAM_FRONT; CAM_FRONT_LEFT; CAM_FRONT_RIGHT; CAM_BACK; CAM_BACK_LEFT; CAM_BACK_RIGHT","F_other","3.82"
"0287702725184161af95373198546a59","80481b4847f14ac1897308b13853e344","perception","yes_no","Are there standing pedestrians to the back left of the ego car?","No.","Yes.","0.0","0.0","0.9945","2590.3","6","CAM_FRONT; CAM_FRONT_LEFT; CAM_FRONT_RIGHT; CAM_BACK; CAM_BACK_LEFT; CAM_BACK_RIGHT","F_other","3.82"
"0287702725184161af95373198546a59","80481b4847f14ac1897308b13853e344","perception","yes_no","Are there motorcycles with riders to the back of the ego car?","No.","No.","1.0","1.0","1.0","2601.8","6","CAM_FRONT; CAM_FRONT_LEFT; CAM_FRONT_RIGHT; CAM_BACK; CAM_BACK_LEFT; CAM_BACK_RIGHT","","3.82"
"0287702725184161af95373198546a59","80481b4847f14ac1897308b13853e344","perception","yes_no","Are there standing pedestrians to the front right of the ego car?","No.","Yes.","0.0","0.0","0.9945","2600.0","6","CAM_FRONT; CAM_FRONT_LEFT; CAM_FRONT_RIGHT; CAM_BACK; CAM_BACK_LEFT; CAM_BACK_RIGHT","F_other","3.82"
"0287702725184161af95373198546a59","80481b4847f14ac1897308b13853e344","perception","yes_no","Are there moving cars to the back right of the ego car?","No.","Yes.","0.0","0.0","0.9945","2609.3","6","CAM_FRONT; CAM_FRONT_LEFT; CAM_FRONT_RIGHT; CAM_BACK; CAM_BACK_LEFT; CAM_BACK_RIGHT","F_other","3.82"
"0287702725184161af95373198546a59","80481b4847f14ac1897308b13853e344","perception","yes_no","Are there barriers to the front right of the ego car?","Yes.","No.","0.0","0.0","0.9945","2604.3","6","CAM_FRONT; CAM_FRONT_LEFT; CAM_FRONT_RIGHT; CAM_BACK; CAM_BACK_LEFT; CAM_BACK_RIGHT","F_other","3.82"
"0287702725184161af95373198546a59","80481b4847f14ac1897308b13853e344","perception","yes_no","Are there parked cars to the front of the ego car?","Yes.","No.","0.0","0.0","0.9945","2610.6","6","CAM_FRONT; CAM_FRONT_LEFT; CAM_FRONT_RIGHT; CAM_BACK; CAM_BACK_LEFT; CAM_BACK_RIGHT","F_other","3.82"
"0287702725184161af95373198546a59","80481b4847f14ac1897308b13853e344","perception","yes_no","Are there moving trucks to the front right of the ego car?","Yes.","Yes.","1.0","1.0","1.0","2620.1","6","CAM_FRONT; CAM_FRONT_LEFT; CAM_FRONT_RIGHT; CAM_BACK; CAM_BACK_LEFT; CAM_BACK_RIGHT","","3.82"
"0287702725184161af95373198546a59","80481b4847f14ac1897308b13853e344","perception","yes_no","Are there barriers to the front left of the ego car?","Yes.","No.","0.0","0.0","0.9945","2610.6","6","CAM_FRONT; CAM_FRONT_LEFT; CAM_FRONT_RIGHT; CAM_BACK; CAM_BACK_LEFT; CAM_BACK_RIGHT","F_other","3.82"
"0287702725184161af95373198546a59","80481b4847f14ac1897308b13853e344","perception","yes_no","Are there parked cars to the back of the ego car?","Yes.","Yes.","1.0","1.0","1.0","2546.0","6","CAM_FRONT; CAM_FRONT_LEFT; CAM_FRONT_RIGHT; CAM_BACK; CAM_BACK_LEFT; CAM_BACK_RIGHT","","3.82"
"0287702725184161af95373198546a59","80481b4847f14ac1897308b13853e344","perception","yes_no","Are there traffic cones to the front right of the ego car?","Yes.","No.","0.0","0.0","0.9945","2561.9","6","CAM_FRONT; CAM_FRONT_LEFT; CAM_FRONT_RIGHT; CAM_BACK; CAM_BACK_LEFT; CAM_BACK_RIGHT","F_other","3.82"
"0287702725184161af95373198546a59","80481b4847f14ac1897308b13853e344","perception","yes_no","Are there traffic cones to the front left of the ego car?","Yes.","No.","0.0","0.0","0.9945","2598.3","6","CAM_FRONT; CAM_FRONT_LEFT; CAM_FRONT_RIGHT; CAM_BACK; CAM_BACK_LEFT; CAM_BACK_RIGHT","F_other","3.82"
"0287702725184161af95373198546a59","80481b4847f14ac1897308b13853e344","perception","yes_no","Are there parked construction vehicles to the back left of the ego car?","Yes.","Yes.","1.0","1.0","1.0","2586.2","6","CAM_FRONT; CAM_FRONT_LEFT; CAM_FRONT_RIGHT; CAM_BACK; CAM_BACK_LEFT; CAM_BACK_RIGHT","","3.82"
"0287702725184161af95373198546a59","80481b4847f14ac1897308b13853e344","perception","yes_no","Are there barriers to the back left of the ego car?","Yes.","No.","0.0","0.0","0.9945","2607.2","6","CAM_FRONT; CAM_FRONT_LEFT; CAM_FRONT_RIGHT; CAM_BACK; CAM_BACK_LEFT; CAM_BACK_RIGHT","F_other","3.82"
"0287702725184161af95373198546a59","80481b4847f14ac1897308b13853e344","perception","yes_no","Are there moving trucks to the front left of the ego car?","Yes.","Yes.","1.0","1.0","1.0","2636.5","6","CAM_FRONT; CAM_FRONT_LEFT; CAM_FRONT_RIGHT; CAM_BACK; CAM_BACK_LEFT; CAM_BACK_RIGHT","","3.82"
"0287702725184161af95373198546a59","80481b4847f14ac1897308b13853e344","perception","yes_no","Are there parked trucks to the front left of the ego car?","Yes.","No.","0.0","0.0","0.9945","2594.3","6","CAM_FRONT; CAM_FRONT_LEFT; CAM_FRONT_RIGHT; CAM_BACK; CAM_BACK_LEFT; CAM_BACK_RIGHT","F_other","3.82"
"0287702725184161af95373198546a59","80481b4847f14ac1897308b13853e344","perception","yes_no","Are there traffic cones to the back left of the ego car?","Yes.","No.","0.0","0.0","0.9945","2628.1","6","CAM_FRONT; CAM_FRONT_LEFT; CAM_FRONT_RIGHT; CAM_BACK; CAM_BACK_LEFT; CAM_BACK_RIGHT","F_other","3.82"
"0287702725184161af95373198546a59","80481b4847f14ac1897308b13853e344","perception","yes_no","Are there parked cars to the front left of the ego car?","Yes.","No.","0.0","0.0","0.9945","2612.0","6","CAM_FRONT; CAM_FRONT_LEFT; CAM_FRONT_RIGHT; CAM_BACK; CAM_BACK_LEFT; CAM_BACK_RIGHT","F_other","3.82"
"0287702725184161af95373198546a59","80481b4847f14ac1897308b13853e344","perception","other_question_type","Please describe the current scene.","There is one moving car behind the ego car, many parked cars in front of the ego car, one parked car to the front left of the ego car, one parked truck behind the ego car, one barrier to the front left of the ego car, two barriers to the front right of the ego car, two barriers to the back left of the ego car, one standing pedestrian in front of the ego car, and one traffic cone to the front right of the ego car.","The scene is a busy street with multiple cars and pedestrians. There are two cars behind the ego car, and many pedestrians are standing and moving.","0.1593","0.0","0.8595","4882.7","6","CAM_FRONT; CAM_FRONT_LEFT; CAM_FRONT_RIGHT; CAM_BACK; CAM_BACK_LEFT; CAM_BACK_RIGHT","B_wrong_status","3.82"
"0287702725184161af95373198546a59","80481b4847f14ac1897308b13853e344","perception","what_query","What is the relative positioning of the important objects in the current scene?","the vehicle in back camera is at the back of the vehicle in front-right camera, the vehicle in back camera is at the back of the vehicle in front-right camera, the vehicle in front-left camera is at the back left of the vehicle in front-right camera, the vehicle in front-left camera is at the back left of the vehicle in front-right camera, the vehicle in front-left camera is at the front of the vehicle in back camera, the vehicle in front-left camera is at the front of the vehicle in back camera, the vehicle in back camera is at the front left of the vehicle in back camera, the vehicle in front-left camera is at the front of the vehicle in back camera, the vehicle in front-left camera is at the front of the vehicle in back camera and the vehicle in front-left camera is at the front left of the vehicle in front-left camera.","The ego car is in the front, and there are many pedestrians and two cars behind it.","0.0652","0.0","0.8137","2342.9","3","CAM_BACK; CAM_FRONT_RIGHT; CAM_FRONT_LEFT","C_wrong_camera","3.82"
"0287702725184161af95373198546a59","80481b4847f14ac1897308b13853e344","perception","yes_no","Is there any traffic element in the front view?","Yes, there are traffic elements in the front view.","No.","0.0","0.0","0.9102","2554.4","6","CAM_FRONT; CAM_FRONT_LEFT; CAM_FRONT_RIGHT; CAM_BACK; CAM_BACK_LEFT; CAM_BACK_RIGHT","D_incomplete","3.82"
"0287702725184161af95373198546a59","80481b4847f14ac1897308b13853e344","perception","planning_other","Identify all the traffic elements in the front view, categorize them, determine their status, and predict the bounding box around each one. The output should be a list formatted as (c, s, x1, y1, x2, y2), where c represents the category, s denotes the status, and x1, y1, x2, y2 are the offsets of the top-left and bottom-right corners of the box relative to the center point.","There are many traffic elements in the front view. The information of these traffic elements is [(traffic light, red, 351.81, 299.82, 374.41, 342.01), (traffic light, red, 454.5, 301.98, 474.83, 345.55), (traffic light, red, 738.87, 423.28, 753.57, 437.33), (traffic light, unknown, 1536.47, 92.37, 1587.38, 190.21)].","","0.0","0.0","","10582.2","6","CAM_FRONT; CAM_FRONT_LEFT; CAM_FRONT_RIGHT; CAM_BACK; CAM_BACK_LEFT; CAM_BACK_RIGHT","D_incomplete","3.82"
"0287702725184161af95373198546a59","80481b4847f14ac1897308b13853e344","perception","which_query","Which lanes are each important object on in the scene?","the vehicle in back camera is on the ego lane, the vehicle in back camera is on the left lane, and the vehicle in front-left camera is also on the left lane.","Cam Back: There are two lanes. Cam Front Left: There are two lanes.","0.2174","0.0","0.8668","1974.6","2","CAM_BACK; CAM_FRONT_LEFT","D_incomplete","3.82"
"0287702725184161af95373198546a59","80481b4847f14ac1897308b13853e344","perception","what_query","What are the important objects in the current scene? Those objects will be considered for the future reasoning and driving decision.","There is a yellow truck to the front right of the ego vehicle, a blue-gray sedan to the back of the ego vehicle, a silver gray SUV to the back of the ego vehicle, a dark blue sedan to the front left of the ego vehicle, a silver sedan to the front left of the ego vehicle, and a traffic signal to the front of the ego vehicle. The IDs of these objects are the vehicle in front-right camera, the vehicle in back camera, the vehicle in back camera, the vehicle in front-left camera, the vehicle in front-left camera, and the traffic element in front camera.","There are many pedestrians and two cars behind the ego car.","0.0661","0.0","0.8262","2546.8","4","CAM_FRONT_RIGHT; CAM_BACK; CAM_FRONT_LEFT; CAM_FRONT","D_incomplete","3.82"
"0287702725184161af95373198546a59","80481b4847f14ac1897308b13853e344","perception","what_query","What is the observed status of the vehicle in front-right camera?","Moving.","Moving.","1.0","1.0","1.0","783.1","1","CAM_FRONT_RIGHT","","3.82"
"0287702725184161af95373198546a59","80481b4847f14ac1897308b13853e344","perception","what_query","What is the moving status of the vehicle in front-right camera?","Going ahead.","Moving.","0.0","0.0","0.9201","786.5","1","CAM_FRONT_RIGHT","F_other","3.82"
"0287702725184161af95373198546a59","80481b4847f14ac1897308b13853e344","perception","what_query","What is the observed status of the vehicle in back camera?","Moving.","Moving.","1.0","1.0","1.0","774.1","1","CAM_BACK","","3.82"
"0287702725184161af95373198546a59","80481b4847f14ac1897308b13853e344","perception","what_query","What is the moving status of the vehicle in back camera?","Going ahead.","Moving.","0.0","0.0","0.9201","774.7","1","CAM_BACK","F_other","3.82"
"0287702725184161af95373198546a59","80481b4847f14ac1897308b13853e344","perception","what_query","What is the observed status of the vehicle in back camera?","Stationary.","Moving.","0.0","0.0","0.9269","774.2","1","CAM_BACK","B_wrong_status","3.82"
"0287702725184161af95373198546a59","80481b4847f14ac1897308b13853e344","perception","what_query","What is the observed status of the vehicle in front-left camera?","Stationary.","Moving.","0.0","0.0","0.9269","784.3","1","CAM_FRONT_LEFT","B_wrong_status","3.82"
"0287702725184161af95373198546a59","80481b4847f14ac1897308b13853e344","perception","what_query","What is the observed status of the vehicle in front-left camera?","Moving.","Moving.","1.0","1.0","1.0","768.0","1","CAM_FRONT_LEFT","","3.82"
"0287702725184161af95373198546a59","80481b4847f14ac1897308b13853e344","perception","what_query","What is the moving status of the vehicle in front-left camera?","Going ahead.","Moving.","0.0","0.0","0.9201","822.6","1","CAM_FRONT_LEFT","F_other","3.82"
"0287702725184161af95373198546a59","80481b4847f14ac1897308b13853e344","perception","visual_description","What is the visual description of the vehicle in front-right camera?","Yellow truck.","There is a large truck in front of the ego car.","0.1538","0.0","0.9041","1330.2","1","CAM_FRONT_RIGHT","F_other","3.82"
"0287702725184161af95373198546a59","80481b4847f14ac1897308b13853e344","perception","visual_description","What is the visual description of the vehicle in back camera?","Blue-gray sedan.","Moving.","0.0","0.0","0.8697","792.4","1","CAM_BACK","D_incomplete","3.82"
"0287702725184161af95373198546a59","80481b4847f14ac1897308b13853e344","perception","visual_description","What is the visual description of the vehicle in back camera?","Silver gray SUV.","Moving.","0.0","0.0","0.8989","788.8","1","CAM_BACK","D_incomplete","3.82"
"0287702725184161af95373198546a59","80481b4847f14ac1897308b13853e344","perception","visual_description","What is the visual description of the vehicle in front-left camera?","Dark blue sedan.","The vehicle in front-left camera is a blue car.","0.1538","0.0","0.9017","1212.8","1","CAM_FRONT_LEFT","F_other","3.82"
"0287702725184161af95373198546a59","80481b4847f14ac1897308b13853e344","perception","visual_description","What is the visual description of the vehicle in front-left camera?","Silver sedan.","The vehicle in front-left camera is a blue car.","0.0","0.0","0.8801","1221.7","1","CAM_FRONT_LEFT","F_other","3.82"
"0287702725184161af95373198546a59","80481b4847f14ac1897308b13853e344","perception","visual_description","What is the visual description of the traffic element in front camera?","Traffic signal.","There is a large truck in front of the camera.","0.0","0.0","0.8843","1215.6","1","CAM_FRONT","F_other","3.82"
"0287702725184161af95373198546a59","80481b4847f14ac1897308b13853e344","prediction","yes_no","Is the object in front-right camera a traffic sign or a road barrier?","No.","There are two road barriers to the right.","0.0","0.0","0.8992","1135.2","1","CAM_FRONT_RIGHT","F_other","3.82"
"0287702725184161af95373198546a59","80481b4847f14ac1897308b13853e344","prediction","which_query","Which object is most likely to be occluded by the vehicle in front-right camera? Would this object affect the ego vehicle? Based on this object, what action of the ego vehicle is dangerous?","None, no, none.","There is a truck in front of the camera. The truck is most likely to be occluded by the vehicle in front-right camera.","0.0","0.0","0.8235","4793.2","1","CAM_FRONT_RIGHT","A_hallucination","3.82"
"0287702725184161af95373198546a59","80481b4847f14ac1897308b13853e344","prediction","other_question_type","Would the vehicle in front-right camera be in the moving direction of the ego vehicle?","No.","No.","1.0","1.0","1.0","749.1","1","CAM_FRONT_RIGHT","","3.82"
"0287702725184161af95373198546a59","80481b4847f14ac1897308b13853e344","prediction","what_query","What is the future state of the vehicle in front-right camera?","Keep going straight.","Moving.","0.0","0.0","0.9134","773.5","1","CAM_FRONT_RIGHT","D_incomplete","3.82"
"0287702725184161af95373198546a59","80481b4847f14ac1897308b13853e344","prediction","yes_no","Is the object in back camera a traffic sign or a road barrier?","No.","There are two cars in front of the ego vehicle.","0.0","0.0","0.8877","1220.1","1","CAM_BACK","F_other","3.82"
"0287702725184161af95373198546a59","80481b4847f14ac1897308b13853e344","prediction","which_query","Which object is most likely to be occluded by the vehicle in back camera? Would this object affect the ego vehicle? Based on this object, what action of the ego vehicle is dangerous?","None, no, none.","There is a car in front of the ego vehicle. The car in front camera is most likely to be occluded by the vehicle in back camera. This car would affect the ego vehicle's decision-making process. The ego vehicle is moving.","0.0","0.0","0.8197","3384.2","1","CAM_BACK","A_hallucination","3.82"
"0287702725184161af95373198546a59","80481b4847f14ac1897308b13853e344","prediction","other_question_type","Would the vehicle in back camera be in the moving direction of the ego vehicle?","No.","No.","1.0","1.0","1.0","779.5","1","CAM_BACK","","3.82"
"0287702725184161af95373198546a59","80481b4847f14ac1897308b13853e344","prediction","what_query","What is the future state of the vehicle in back camera?","Brake gently to stop.","Moving.","0.0","0.0","0.8648","777.7","1","CAM_BACK","D_incomplete","3.82"
"0287702725184161af95373198546a59","80481b4847f14ac1897308b13853e344","prediction","yes_no","Is the object in back camera a traffic sign or a road barrier?","No.","There are two cars in front of the ego vehicle.","0.0","0.0","0.8877","1212.6","1","CAM_BACK","F_other","3.82"
"0287702725184161af95373198546a59","80481b4847f14ac1897308b13853e344","prediction","other_question_type","Would the vehicle in back camera be in the moving direction of the ego vehicle?","No.","No.","1.0","1.0","1.0","717.6","1","CAM_BACK","","3.82"
"0287702725184161af95373198546a59","80481b4847f14ac1897308b13853e344","prediction","what_query","What is the future state of the vehicle in back camera?","Stationary.","Moving.","0.0","0.0","0.9269","761.9","1","CAM_BACK","B_wrong_status","3.82"
"0287702725184161af95373198546a59","80481b4847f14ac1897308b13853e344","prediction","yes_no","Is the object in front-left camera a traffic sign or a road barrier?","No.","There are two traffic lights in the image.","0.0","0.0","0.8907","1062.7","1","CAM_FRONT_LEFT","F_other","3.82"
"0287702725184161af95373198546a59","80481b4847f14ac1897308b13853e344","prediction","other_question_type","Would the vehicle in front-left camera be in the moving direction of the ego vehicle?","No.","No.","1.0","1.0","1.0","717.2","1","CAM_FRONT_LEFT","","3.82"
"0287702725184161af95373198546a59","80481b4847f14ac1897308b13853e344","prediction","what_query","What is the future state of the vehicle in front-left camera?","Turn left.","Moving","0.0","0.0","0.8774","728.9","1","CAM_FRONT_LEFT","F_other","3.82"
"0287702725184161af95373198546a59","80481b4847f14ac1897308b13853e344","prediction","yes_no","Is the object in front-left camera a traffic sign or a road barrier?","No.","There are two traffic lights in the image.","0.0","0.0","0.8907","1055.0","1","CAM_FRONT_LEFT","F_other","3.82"
"0287702725184161af95373198546a59","80481b4847f14ac1897308b13853e344","prediction","which_query","Which object is most likely to be occluded by the vehicle in front-left camera? Would this object affect the ego vehicle? Based on this object, what action of the ego vehicle is dangerous?","None, no, none.","There is a car in front of the vehicle in the front-left camera. The car would be most likely to be occluded by the vehicle in front-left camera.","0.0","0.0","0.8251","4410.6","1","CAM_FRONT_LEFT","A_hallucination","3.82"
"0287702725184161af95373198546a59","80481b4847f14ac1897308b13853e344","prediction","other_question_type","Would the vehicle in front-left camera be in the moving direction of the ego vehicle?","No.","No.","1.0","1.0","1.0","720.5","1","CAM_FRONT_LEFT","","3.82"
"0287702725184161af95373198546a59","80481b4847f14ac1897308b13853e344","prediction","what_query","What is the future state of the vehicle in front-left camera?","Keep going straight.","Moving","0.0","0.0","0.8638","712.1","1","CAM_FRONT_LEFT","D_incomplete","3.82"
"0287702725184161af95373198546a59","80481b4847f14ac1897308b13853e344","prediction","yes_no","Is the object in front camera a traffic sign or a road barrier?","Yes.","No.","0.0","0.0","0.9945","705.6","1","CAM_FRONT","F_other","3.82"
"0287702725184161af95373198546a59","80481b4847f14ac1897308b13853e344","prediction","other_question_type","Would the traffic element in front camera be in the moving direction of the ego vehicle?","No.","No.","1.0","1.0","1.0","737.9","1","CAM_FRONT","","3.82"
"0287702725184161af95373198546a59","80481b4847f14ac1897308b13853e344","prediction","what_query","What does the traffic element in front camera mean?","Please wait.","None.","0.0","0.0","0.8919","704.8","1","CAM_FRONT","F_other","3.82"
"0287702725184161af95373198546a59","80481b4847f14ac1897308b13853e344","prediction","other_question_type","In this scenario, what object is most likely to consider the traffic element in front camera?","The ego vehicle.","None.","0.0","0.0","0.9128","710.5","1","CAM_FRONT","D_incomplete","3.82"
"0287702725184161af95373198546a59","80481b4847f14ac1897308b13853e344","prediction","what_query","What object should the ego vehicle notice first when the ego vehicle is getting to the next possible location? What is the state of the object that is first noticed by the ego vehicle and what action should the ego vehicle take? What object should the ego vehicle notice second when the ego vehicle is getting to the next possible location? What is the state of the object perceived by the ego vehicle as second and what action should the ego vehicle take? What object should the ego vehicle notice third? What is the state of the object perceived by the ego vehicle as third and what action should the ego vehicle take?","Firstly, notice the traffic element in front camera. The state of the object is a traffic sign, so the ego vehicle should stop. Secondly, notice the vehicle in front-left camera. The state of the object is stationary, so the ego vehicle should stop. Thirdly, notice the vehicle in front-right camera. The state of the object is moving forward, so the ego vehicle should stop.","There are 3 traffic lights to the front. The ego vehicle should notice the traffic lights first when the ego vehicle is getting to the next possible location. The traffic lights are stationary. The ego vehicle should stop and wait for the traffic lights to change before proceeding.","0.3158","0.0","0.875","4130.7","3","CAM_FRONT; CAM_FRONT_LEFT; CAM_FRONT_RIGHT","","3.82"
"0287702725184161af95373198546a59","80481b4847f14ac1897308b13853e344","prediction","yes_no","Are the object in front-right camera and the object in front-left camera traffic signs?","Neither is a traffic sign.","No.","0.0","0.0","0.8958","1053.4","2","CAM_FRONT_RIGHT; CAM_FRONT_LEFT","D_incomplete","3.82"
"0287702725184161af95373198546a59","80481b4847f14ac1897308b13853e344","prediction","future_state","Will the vehicle in front-right camera be in the moving direction of the vehicle in front-left camera?","No.","No.","1.0","1.0","1.0","1082.4","2","CAM_FRONT_RIGHT; CAM_FRONT_LEFT","","3.82"
"0287702725184161af95373198546a59","80481b4847f14ac1897308b13853e344","prediction","future_state","Will the vehicle in front-right camera change its motion state based on the vehicle in front-left camera?","No.","No.","1.0","1.0","1.0","1079.5","2","CAM_FRONT_RIGHT; CAM_FRONT_LEFT","","3.82"
"0287702725184161af95373198546a59","80481b4847f14ac1897308b13853e344","prediction","other_question_type","Based on the observations of the vehicle in front-left camera, what are possible actions to be taken by the vehicle in front-right camera? What is the reason?","The action is to keep going at the same speed, the reason is to maintain a safe distance.","The vehicle in front-right camera should consider the actions of the vehicle in front-left camera to make a decision. The reason is that the vehicle in front-left camera is the ego vehicle, and it is most relevant to the decision.","0.2295","0.0","0.8597","3406.5","2","CAM_FRONT_LEFT; CAM_FRONT_RIGHT","F_other","3.82"
"0287702725184161af95373198546a59","80481b4847f14ac1897308b13853e344","prediction","what_query","What object would consider the vehicle in front-right camera to be most relevant to its decision?","None.","The ego vehicle.","0.0","0.0","0.9128","875.2","1","CAM_FRONT_RIGHT","F_other","3.82"
"0287702725184161af95373198546a59","80481b4847f14ac1897308b13853e344","prediction","what_query","What object would consider the vehicle in front-left camera to be most relevant to its decision?","None.","The ego vehicle.","0.0","0.0","0.9128","873.9","1","CAM_FRONT_LEFT","F_other","3.82"
"0287702725184161af95373198546a59","80481b4847f14ac1897308b13853e344","prediction","yes_no","Are the object in back camera and the object in front-left camera traffic signs?","Neither is a traffic sign.","No.","0.0","0.0","0.8958","1073.9","2","CAM_BACK; CAM_FRONT_LEFT","D_incomplete","3.82"
"0287702725184161af95373198546a59","80481b4847f14ac1897308b13853e344","prediction","future_state","Will the vehicle in back camera be in the moving direction of the vehicle in front-left camera?","No.","No.","1.0","1.0","1.0","1084.3","2","CAM_BACK; CAM_FRONT_LEFT","","3.82"
"0287702725184161af95373198546a59","80481b4847f14ac1897308b13853e344","prediction","future_state","Will the vehicle in back camera change its motion state based on the vehicle in front-left camera?","No.","No.","1.0","1.0","1.0","1081.4","2","CAM_BACK; CAM_FRONT_LEFT","","3.82"
"0287702725184161af95373198546a59","80481b4847f14ac1897308b13853e344","prediction","other_question_type","Based on the observations of the vehicle in front-left camera, what are possible actions to be taken by the vehicle in back camera? What is the reason?","The action is to brake gently to a stop, the reason being there is no safety issue.","The vehicle in back camera should consider the ego vehicle to be most relevant to its decision. The ego vehicle is moving, so the back camera should be prepared for the possibility of the ego vehicle changing lanes or making a turn.","0.1695","0.0","0.8534","4596.7","2","CAM_FRONT_LEFT; CAM_BACK","F_other","3.82"
"0287702725184161af95373198546a59","80481b4847f14ac1897308b13853e344","prediction","what_query","What object would consider the vehicle in back camera to be most relevant to its decision?","None.","There are two cars to the right.","0.0","0.0","0.8979","1027.0","1","CAM_BACK","F_other","3.82"
"0287702725184161af95373198546a59","80481b4847f14ac1897308b13853e344","prediction","what_query","What object would consider the vehicle in front-left camera to be most relevant to its decision?","None.","The ego vehicle.","0.0","0.0","0.9128","895.0","1","CAM_FRONT_LEFT","F_other","3.82"
"0287702725184161af95373198546a59","80481b4847f14ac1897308b13853e344","prediction","what_query","What kind of traffic sign is the object in front camera?","Traffic light.","None.","0.0","0.0","0.9294","729.0","1","CAM_FRONT","F_other","3.82"
"0287702725184161af95373198546a59","80481b4847f14ac1897308b13853e344","planning","yes_no","Is the vehicle in front-right camera an object that the ego vehicle should consider in the current scene?","No.","Yes.","0.0","0.0","0.9945","2997.7","6","CAM_FRONT; CAM_FRONT_LEFT; CAM_FRONT_RIGHT; CAM_BACK; CAM_BACK_LEFT; CAM_BACK_RIGHT","E_planning_error","3.82"
"0287702725184161af95373198546a59","80481b4847f14ac1897308b13853e344","planning","what_query","What actions could the ego vehicle take based on the vehicle in front-right camera? Why take this action and what's the probability?","The action is to remain stationary. The reason for this action is to follow the traffic rules. The probability of this action is high.","High.","0.08","0.0","0.875","4507.4","6","CAM_FRONT; CAM_FRONT_LEFT; CAM_FRONT_RIGHT; CAM_BACK; CAM_BACK_LEFT; CAM_BACK_RIGHT","D_incomplete","3.82"
"0287702725184161af95373198546a59","80481b4847f14ac1897308b13853e344","planning","what_query","What is the probability of colliding with the vehicle in front-right camera after the ego vehicle steps on the brakes?","Low.","Low.","1.0","1.0","1.0","2868.2","6","CAM_FRONT; CAM_FRONT_LEFT; CAM_FRONT_RIGHT; CAM_BACK; CAM_BACK_LEFT; CAM_BACK_RIGHT","","3.82"
"0287702725184161af95373198546a59","80481b4847f14ac1897308b13853e344","planning","what_query","What actions taken by the ego vehicle can lead to a collision with the vehicle in front-right camera?","Moderate right turn.","Accelerate and go straight actions taken by the ego vehicle can lead to a collision with the vehicle in front-right camera.","0.08","0.0","0.8474","4508.2","6","CAM_FRONT; CAM_FRONT_LEFT; CAM_FRONT_RIGHT; CAM_BACK; CAM_BACK_LEFT; CAM_BACK_RIGHT","A_hallucination","3.82"
"0287702725184161af95373198546a59","80481b4847f14ac1897308b13853e344","planning","yes_no","Is the vehicle in back camera an object that the ego vehicle should consider in the current scene?","No.","Yes.","0.0","0.0","0.9945","2853.3","6","CAM_FRONT; CAM_FRONT_LEFT; CAM_FRONT_RIGHT; CAM_BACK; CAM_BACK_LEFT; CAM_BACK_RIGHT","E_planning_error","3.82"
"0287702725184161af95373198546a59","80481b4847f14ac1897308b13853e344","planning","what_query","What actions could the ego vehicle take based on the vehicle in back camera? Why take this action and what's the probability?","The action is to remain stationary. The reason for taking this action is to follow traffic rules. The probability of this action is high.","High.","0.08","0.0","0.8745","4800.3","6","CAM_FRONT; CAM_FRONT_LEFT; CAM_FRONT_RIGHT; CAM_BACK; CAM_BACK_LEFT; CAM_BACK_RIGHT","D_incomplete","3.82"
"0287702725184161af95373198546a59","80481b4847f14ac1897308b13853e344","planning","what_query","What is the probability of colliding with the vehicle in back camera after the ego vehicle goes straight and keeps the same speed?","Low.","Low.","1.0","1.0","1.0","2852.7","6","CAM_FRONT; CAM_FRONT_LEFT; CAM_FRONT_RIGHT; CAM_BACK; CAM_BACK_LEFT; CAM_BACK_RIGHT","","3.82"
"0287702725184161af95373198546a59","80481b4847f14ac1897308b13853e344","planning","what_query","What actions taken by the ego vehicle can lead to a collision with the vehicle in back camera?","Back up.","Accelerate and go straight actions taken by the ego vehicle can lead to a collision with the vehicle in back camera.","0.087","0.0","0.8538","4829.5","6","CAM_FRONT; CAM_FRONT_LEFT; CAM_FRONT_RIGHT; CAM_BACK; CAM_BACK_LEFT; CAM_BACK_RIGHT","A_hallucination","3.82"
"0287702725184161af95373198546a59","80481b4847f14ac1897308b13853e344","planning","yes_no","Is the vehicle in back camera an object that the ego vehicle should consider in the current scene?","No.","Yes.","0.0","0.0","0.9945","2840.0","6","CAM_FRONT; CAM_FRONT_LEFT; CAM_FRONT_RIGHT; CAM_BACK; CAM_BACK_LEFT; CAM_BACK_RIGHT","E_planning_error","3.82"
"0287702725184161af95373198546a59","80481b4847f14ac1897308b13853e344","planning","what_query","What actions could the ego vehicle take based on the vehicle in back camera? Why take this action and what's the probability?","The action is to remain stationary. The reason for taking this action is to follow the traffic rules, which has a high probability.","High.","0.0833","0.0","0.874","5278.2","6","CAM_FRONT; CAM_FRONT_LEFT; CAM_FRONT_RIGHT; CAM_BACK; CAM_BACK_LEFT; CAM_BACK_RIGHT","D_incomplete","3.82"
"0287702725184161af95373198546a59","80481b4847f14ac1897308b13853e344","planning","what_query","What is the probability of colliding with the vehicle in back camera after the ego vehicle steps on the brakes?","Low.","Low.","1.0","1.0","1.0","2834.6","6","CAM_FRONT; CAM_FRONT_LEFT; CAM_FRONT_RIGHT; CAM_BACK; CAM_BACK_LEFT; CAM_BACK_RIGHT","","3.82"
"0287702725184161af95373198546a59","80481b4847f14ac1897308b13853e344","planning","what_query","What actions taken by the ego vehicle can lead to a collision with the vehicle in back camera?","No such action will lead to a collision.","Accelerate and go straight actions taken by the ego vehicle can lead to a collision with the vehicle in back camera.","0.3448","0.0","0.8888","4791.9","6","CAM_FRONT; CAM_FRONT_LEFT; CAM_FRONT_RIGHT; CAM_BACK; CAM_BACK_LEFT; CAM_BACK_RIGHT","","3.82"
"0287702725184161af95373198546a59","80481b4847f14ac1897308b13853e344","planning","yes_no","Is the vehicle in front-left camera an object that the ego vehicle should consider in the current scene?","No.","Yes.","0.0","0.0","0.9945","2872.7","6","CAM_FRONT; CAM_FRONT_LEFT; CAM_FRONT_RIGHT; CAM_BACK; CAM_BACK_LEFT; CAM_BACK_RIGHT","E_planning_error","3.82"
"0287702725184161af95373198546a59","80481b4847f14ac1897308b13853e344","planning","what_query","What actions could the ego vehicle take based on the vehicle in front-left camera? Why take this action and what's the probability?","The action is to remain stationary. The reason for this action is to follow the traffic rules, which is highly probable.","High.","0.0","0.0","0.8804","4644.1","6","CAM_FRONT; CAM_FRONT_LEFT; CAM_FRONT_RIGHT; CAM_BACK; CAM_BACK_LEFT; CAM_BACK_RIGHT","D_incomplete","3.82"
"0287702725184161af95373198546a59","80481b4847f14ac1897308b13853e344","planning","what_query","What is the probability of colliding with the vehicle in front-left camera after the ego vehicle goes straight and keeps the same speed?","Low.","Low.","1.0","1.0","1.0","2876.9","6","CAM_FRONT; CAM_FRONT_LEFT; CAM_FRONT_RIGHT; CAM_BACK; CAM_BACK_LEFT; CAM_BACK_RIGHT","","3.82"
"0287702725184161af95373198546a59","80481b4847f14ac1897308b13853e344","planning","what_query","What actions taken by the ego vehicle can lead to a collision with the vehicle in front-left camera?","Sharp left turn.","Accelerate and go straight actions taken by the ego vehicle can lead to a collision with the vehicle in front-left camera.","0.08","0.0","0.8485","4508.9","6","CAM_FRONT; CAM_FRONT_LEFT; CAM_FRONT_RIGHT; CAM_BACK; CAM_BACK_LEFT; CAM_BACK_RIGHT","A_hallucination","3.82"
"0287702725184161af95373198546a59","80481b4847f14ac1897308b13853e344","planning","yes_no","Is the vehicle in front-left camera an object that the ego vehicle should consider in the current scene?","No.","Yes.","0.0","0.0","0.9945","2791.9","6","CAM_FRONT; CAM_FRONT_LEFT; CAM_FRONT_RIGHT; CAM_BACK; CAM_BACK_LEFT; CAM_BACK_RIGHT","E_planning_error","3.82"
"0287702725184161af95373198546a59","80481b4847f14ac1897308b13853e344","planning","what_query","What actions could the ego vehicle take based on the vehicle in front-left camera? Why take this action and what's the probability?","The action is to remain stationary. The reason for this action is to follow the traffic rules, which is highly probable.","High.","0.0","0.0","0.8804","4522.2","6","CAM_FRONT; CAM_FRONT_LEFT; CAM_FRONT_RIGHT; CAM_BACK; CAM_BACK_LEFT; CAM_BACK_RIGHT","D_incomplete","3.82"
"0287702725184161af95373198546a59","80481b4847f14ac1897308b13853e344","planning","what_query","What is the probability of colliding with the vehicle in front-left camera after the ego vehicle steps on the brakes?","Low.","Low.","1.0","1.0","1.0","2827.4","6","CAM_FRONT; CAM_FRONT_LEFT; CAM_FRONT_RIGHT; CAM_BACK; CAM_BACK_LEFT; CAM_BACK_RIGHT","","3.82"
"0287702725184161af95373198546a59","80481b4847f14ac1897308b13853e344","planning","what_query","What actions taken by the ego vehicle can lead to a collision with the vehicle in front-left camera?","No such action will lead to a collision.","Accelerate and go straight actions taken by the ego vehicle can lead to a collision with the vehicle in front-left camera.","0.3333","0.0","0.8879","4564.2","6","CAM_FRONT; CAM_FRONT_LEFT; CAM_FRONT_RIGHT; CAM_BACK; CAM_BACK_LEFT; CAM_BACK_RIGHT","","3.82"
"0287702725184161af95373198546a59","80481b4847f14ac1897308b13853e344","planning","yes_no","Is it necessary for the ego vehicle to take the traffic element in front camera into account?","Yes.","Yes.","1.0","1.0","1.0","2871.7","6","CAM_FRONT; CAM_FRONT_LEFT; CAM_FRONT_RIGHT; CAM_BACK; CAM_BACK_LEFT; CAM_BACK_RIGHT","","3.82"
"0287702725184161af95373198546a59","80481b4847f14ac1897308b13853e344","planning","other_question_type","Based on the traffic element in front camera in this scene, what is the most possible action of the ego vehicle?","Stationary.","The most possible action of the ego vehicle is to accelerate and go straight.","0.0","0.0","0.8504","4074.3","6","CAM_FRONT; CAM_FRONT_LEFT; CAM_FRONT_RIGHT; CAM_BACK; CAM_BACK_LEFT; CAM_BACK_RIGHT","E_planning_error","3.82"
"0287702725184161af95373198546a59","80481b4847f14ac1897308b13853e344","planning","what_query","What is the traffic signal that the ego vehicle should pay attention to?","Red light.","The traffic signal that the ego vehicle should pay attention to is the one in the front left camera view.","0.0","0.0","0.8727","4017.2","6","CAM_FRONT; CAM_FRONT_LEFT; CAM_FRONT_RIGHT; CAM_BACK; CAM_BACK_LEFT; CAM_BACK_RIGHT","A_hallucination","3.82"
"0287702725184161af95373198546a59","80481b4847f14ac1897308b13853e344","planning","what_query","What is the target action of the ego vehicle?","Go straight.","The target action of the ego vehicle is to keep going at the same speed. The reason is to maintain a safe distance, which is high.","0.0714","0.0","0.8562","4467.8","6","CAM_FRONT; CAM_FRONT_LEFT; CAM_FRONT_RIGHT; CAM_BACK; CAM_BACK_LEFT; CAM_BACK_RIGHT","A_hallucination","3.82"
"0287702725184161af95373198546a59","80481b4847f14ac1897308b13853e344","planning","other_question_type","In this scenario, what are safe actions to take for the ego vehicle?","Brake gently to a stop, slightly offset to the right.","In this scenario, the ego vehicle should maintain a safe distance from the vehicle in front camera. This can be achieved by accelerating and going straight.","0.1111","0.0","0.8472","5789.4","6","CAM_FRONT; CAM_FRONT_LEFT; CAM_FRONT_RIGHT; CAM_BACK; CAM_BACK_LEFT; CAM_BACK_RIGHT","A_hallucination","3.82"
"0287702725184161af95373198546a59","80481b4847f14ac1897308b13853e344","planning","other_question_type","In this scenario, what are dangerous actions to take for the ego vehicle?","Accelerate and go ahead.","In this scenario, the ego vehicle should avoid accelerating and going straight, as these actions can lead to a collision with the vehicle in front camera. Instead, the vehicle should maintain a safe distance by keeping going at the same speed.","0.1333","0.0","0.8287","6181.4","6","CAM_FRONT; CAM_FRONT_LEFT; CAM_FRONT_RIGHT; CAM_BACK; CAM_BACK_LEFT; CAM_BACK_RIGHT","A_hallucination","3.82"
"0287702725184161af95373198546a59","80481b4847f14ac1897308b13853e344","planning","what_query","What is the priority of the objects that the ego vehicle should consider?(in descending order)","The priority of the objects that the ego vehicle should consider, in descending order, is the traffic element in front camera, the vehicle in front-left camera, the vehicle in front-right camera, the vehicle in back camera, the vehicle in back camera, the vehicle in front-left camera.","There are 5 vehicles to the right.","0.1071","0.0","0.8438","3701.4","6","CAM_FRONT; CAM_FRONT_LEFT; CAM_FRONT_RIGHT; CAM_BACK; CAM_BACK_LEFT; CAM_BACK_RIGHT","C_wrong_camera","3.82"
"0287702725184161af95373198546a59","80481b4847f14ac1897308b13853e344","planning","what_query","What's your comment on this scene?","Water droplets on the glass obstruct the driver's view.","The scene shows a construction site with a fence and a building under construction. There are multiple vehicles present, including a truck and a car.","0.0571","0.0","0.851","6065.4","6","CAM_FRONT; CAM_FRONT_LEFT; CAM_FRONT_RIGHT; CAM_BACK; CAM_BACK_LEFT; CAM_BACK_RIGHT","A_hallucination","3.82"
"0287702725184161af95373198546a59","80481b4847f14ac1897308b13853e344","behavior","ego_behavior_prediction","Predict the behavior of the ego vehicle.","The ego vehicle is going straight. The ego vehicle is not moving.","The ego vehicle is going straight. The ego vehicle is driving fast.","0.8333","0.0","0.9741","3499.2","6","CAM_FRONT; CAM_FRONT_LEFT; CAM_FRONT_RIGHT; CAM_BACK; CAM_BACK_LEFT; CAM_BACK_RIGHT","","3.82"
"0287702725184161af95373198546a59","675a8c5e014e4fda9b48acefe1effae3","perception","object_enumeration","What are objects to the back left of the ego car?","There are many barriers, many traffic cones, and one construction vehicle to the back left of the ego car.","There are two cars behind the ego car.","0.3704","0.0","0.9087","3198.1","6","CAM_FRONT; CAM_FRONT_LEFT; CAM_FRONT_RIGHT; CAM_BACK; CAM_BACK_LEFT; CAM_BACK_RIGHT","","3.82"
"0287702725184161af95373198546a59","675a8c5e014e4fda9b48acefe1effae3","perception","object_enumeration","What are objects to the front left of the ego car?","There are three barriers, one pedestrian, one truck, one traffic cone, and two cars to the front left of the ego car.","There are two cars and a pedestrian to the front left of the ego car.","0.6486","0.0","0.9331","3490.5","6","CAM_FRONT; CAM_FRONT_LEFT; CAM_FRONT_RIGHT; CAM_BACK; CAM_BACK_LEFT; CAM_BACK_RIGHT","","3.82"
"0287702725184161af95373198546a59","675a8c5e014e4fda9b48acefe1effae3","perception","object_enumeration","What are objects to the front of the ego car?","There are many cars, one pedestrian, and two trucks in front of the ego car.","There are two cars and a pedestrian in front of the ego car.","0.7143","0.0","0.9595","3467.4","6","CAM_FRONT; CAM_FRONT_LEFT; CAM_FRONT_RIGHT; CAM_BACK; CAM_BACK_LEFT; CAM_BACK_RIGHT","","3.82"
"0287702725184161af95373198546a59","675a8c5e014e4fda9b48acefe1effae3","perception","status_query","What is the status of the cars that are to the front of the ego car?","Many cars are parked.","There are two cars in front of the ego car.","0.1429","0.0","0.9066","3248.4","6","CAM_FRONT; CAM_FRONT_LEFT; CAM_FRONT_RIGHT; CAM_BACK; CAM_BACK_LEFT; CAM_BACK_RIGHT","F_other","3.82"
"0287702725184161af95373198546a59","675a8c5e014e4fda9b48acefe1effae3","perception","status_query","What is the status of the pedestrian that is to the front of the ego car?","The pedestrian in front of the ego car is standing.","There is a pedestrian walking in front of the ego car.","0.6667","0.0","0.9546","3405.3","6","CAM_FRONT; CAM_FRONT_LEFT; CAM_FRONT_RIGHT; CAM_BACK; CAM_BACK_LEFT; CAM_BACK_RIGHT","","3.82"
"0287702725184161af95373198546a59","675a8c5e014e4fda9b48acefe1effae3","perception","object_enumeration","What are objects to the back of the ego car?","There are one car and two trucks to the back of the ego car.","There are many pedestrians and two cars behind the ego car.","0.56","0.0","0.9311","3482.5","6","CAM_FRONT; CAM_FRONT_LEFT; CAM_FRONT_RIGHT; CAM_BACK; CAM_BACK_LEFT; CAM_BACK_RIGHT","","3.82"
"0287702725184161af95373198546a59","675a8c5e014e4fda9b48acefe1effae3","perception","status_query","What is the status of the car that is to the back of the ego car?","One car is parked.","Moving.","0.0","0.0","0.8945","2802.2","6","CAM_FRONT; CAM_FRONT_LEFT; CAM_FRONT_RIGHT; CAM_BACK; CAM_BACK_LEFT; CAM_BACK_RIGHT","B_wrong_status","3.82"
"0287702725184161af95373198546a59","675a8c5e014e4fda9b48acefe1effae3","perception","status_query","What is the status of the trucks that are to the front of the ego car?","Two trucks are moving.","There are two trucks in front of the ego car.","0.2857","0.0","0.8956","3397.1","6","CAM_FRONT; CAM_FRONT_LEFT; CAM_FRONT_RIGHT; CAM_BACK; CAM_BACK_LEFT; CAM_BACK_RIGHT","F_other","3.82"
"0287702725184161af95373198546a59","675a8c5e014e4fda9b48acefe1effae3","perception","status_query","What is the status of the pedestrian that is to the front left of the ego car?","The pedestrian to the front left of the ego car is moving.","Moving.","0.1538","0.0","0.8744","2818.4","6","CAM_FRONT; CAM_FRONT_LEFT; CAM_FRONT_RIGHT; CAM_BACK; CAM_BACK_LEFT; CAM_BACK_RIGHT","D_incomplete","3.82"
"0287702725184161af95373198546a59","675a8c5e014e4fda9b48acefe1effae3","perception","object_enumeration","What are objects to the front right of the ego car?","There are two cars, two barriers, and one traffic cone to the front right of the ego car.","There are two cars and a pedestrian to the front right of the ego car.","0.7879","0.0","0.9557","3601.0","6","CAM_FRONT; CAM_FRONT_LEFT; CAM_FRONT_RIGHT; CAM_BACK; CAM_BACK_LEFT; CAM_BACK_RIGHT","","3.82"
"0287702725184161af95373198546a59","675a8c5e014e4fda9b48acefe1effae3","perception","status_query","What is the status of the cars that are to the front right of the ego car?","Two cars are moving.","There are two cars behind the ego car.","0.3333","0.0","0.9023","3160.3","6","CAM_FRONT; CAM_FRONT_LEFT; CAM_FRONT_RIGHT; CAM_BACK; CAM_BACK_LEFT; CAM_BACK_RIGHT","","3.82"
"0287702725184161af95373198546a59","675a8c5e014e4fda9b48acefe1effae3","perception","status_query","What is the status of the construction vehicle that is to the back left of the ego car?","One construction vehicle is parked.","Moving.","0.0","0.0","0.8826","2737.8","6","CAM_FRONT; CAM_FRONT_LEFT; CAM_FRONT_RIGHT; CAM_BACK; CAM_BACK_LEFT; CAM_BACK_RIGHT","B_wrong_status","3.82"
"0287702725184161af95373198546a59","675a8c5e014e4fda9b48acefe1effae3","perception","status_query","What is the status of the trucks that are to the back of the ego car?","Two trucks are parked.","There are two trucks behind the ego car.","0.3333","0.0","0.909","3329.6","6","CAM_FRONT; CAM_FRONT_LEFT; CAM_FRONT_RIGHT; CAM_BACK; CAM_BACK_LEFT; CAM_BACK_RIGHT","","3.82"
"0287702725184161af95373198546a59","675a8c5e014e4fda9b48acefe1effae3","perception","status_query","What is the status of the truck that is to the front left of the ego car?","One truck is parked.","Moving.","0.0","0.0","0.8997","2764.3","6","CAM_FRONT; CAM_FRONT_LEFT; CAM_FRONT_RIGHT; CAM_BACK; CAM_BACK_LEFT; CAM_BACK_RIGHT","B_wrong_status","3.82"
"0287702725184161af95373198546a59","675a8c5e014e4fda9b48acefe1effae3","perception","status_query","What is the status of the cars that are to the front left of the ego car?","Two cars are parked.","There are two cars behind the ego car.","0.3333","0.0","0.9077","3342.6","6","CAM_FRONT; CAM_FRONT_LEFT; CAM_FRONT_RIGHT; CAM_BACK; CAM_BACK_LEFT; CAM_BACK_RIGHT","","3.82"
"0287702725184161af95373198546a59","675a8c5e014e4fda9b48acefe1effae3","perception","yes_no","Are there bicycles with riders to the front right of the ego car?","No.","No.","1.0","1.0","1.0","2615.7","6","CAM_FRONT; CAM_FRONT_LEFT; CAM_FRONT_RIGHT; CAM_BACK; CAM_BACK_LEFT; CAM_BACK_RIGHT","","3.82"
"0287702725184161af95373198546a59","675a8c5e014e4fda9b48acefe1effae3","perception","yes_no","Are there standing pedestrians to the back left of the ego car?","No.","Yes.","0.0","0.0","0.9945","2612.2","6","CAM_FRONT; CAM_FRONT_LEFT; CAM_FRONT_RIGHT; CAM_BACK; CAM_BACK_LEFT; CAM_BACK_RIGHT","F_other","3.82"
"0287702725184161af95373198546a59","675a8c5e014e4fda9b48acefe1effae3","perception","yes_no","Are there standing pedestrians to the front left of the ego car?","No.","Yes.","0.0","0.0","0.9945","2608.4","6","CAM_FRONT; CAM_FRONT_LEFT; CAM_FRONT_RIGHT; CAM_BACK; CAM_BACK_LEFT; CAM_BACK_RIGHT","F_other","3.82"
"0287702725184161af95373198546a59","675a8c5e014e4fda9b48acefe1effae3","perception","yes_no","Are there barriers to the back left of the ego car?","Yes.","No.","0.0","0.0","0.9945","2616.9","6","CAM_FRONT; CAM_FRONT_LEFT; CAM_FRONT_RIGHT; CAM_BACK; CAM_BACK_LEFT; CAM_BACK_RIGHT","F_other","3.82"
"0287702725184161af95373198546a59","675a8c5e014e4fda9b48acefe1effae3","perception","yes_no","Are there traffic cones to the back left of the ego car?","Yes.","No.","0.0","0.0","0.9945","2610.2","6","CAM_FRONT; CAM_FRONT_LEFT; CAM_FRONT_RIGHT; CAM_BACK; CAM_BACK_LEFT; CAM_BACK_RIGHT","F_other","3.82"
"0287702725184161af95373198546a59","675a8c5e014e4fda9b48acefe1effae3","perception","yes_no","Are there parked trucks to the back of the ego car?","Yes.","No.","0.0","0.0","0.9945","2528.6","6","CAM_FRONT; CAM_FRONT_LEFT; CAM_FRONT_RIGHT; CAM_BACK; CAM_BACK_LEFT; CAM_BACK_RIGHT","F_other","3.82"
"0287702725184161af95373198546a59","675a8c5e014e4fda9b48acefe1effae3","perception","yes_no","Are there parked trucks to the front left of the ego car?","Yes.","No.","0.0","0.0","0.9945","2561.2","6","CAM_FRONT; CAM_FRONT_LEFT; CAM_FRONT_RIGHT; CAM_BACK; CAM_BACK_LEFT; CAM_BACK_RIGHT","F_other","3.82"
"0287702725184161af95373198546a59","675a8c5e014e4fda9b48acefe1effae3","perception","other_question_type","Please describe the current scene.","There are many parked cars in front of the ego car, one parked car to the front left, one parked car behind, two parked trucks behind, one barrier to the front left, two barriers to the front right, two barriers to the back left, one standing pedestrian in front, and one traffic cone to the front right.","The scene is a busy street with multiple cars and pedestrians. There are two cars behind the ego car, and many pedestrians are standing and moving.","0.1928","0.0","0.8715","4789.5","6","CAM_FRONT; CAM_FRONT_LEFT; CAM_FRONT_RIGHT; CAM_BACK; CAM_BACK_LEFT; CAM_BACK_RIGHT","B_wrong_status","3.82"
"0287702725184161af95373198546a59","675a8c5e014e4fda9b48acefe1effae3","perception","what_query","What is the relative positioning of the important objects in the current scene?","the vehicle in front-right camera is in front of the vehicle in back camera, the vehicle in front-left camera is in front of the vehicle in back camera, the vehicle in back camera is on the back left of the vehicle in back camera, the vehicle in back camera is behind the vehicle in front-right camera, the vehicle in front-left camera is on the back left of the vehicle in front-right camera and the vehicle in front-left camera is in front of the vehicle in back camera.","The ego car is in the foreground, and there are many pedestrians and two cars behind it.","0.0909","0.0","0.8371","2547.4","3","CAM_FRONT_RIGHT; CAM_BACK; CAM_FRONT_LEFT","D_incomplete","3.82"
"0287702725184161af95373198546a59","675a8c5e014e4fda9b48acefe1effae3","perception","yes_no","Is there any traffic element in the front view?","Yes, there are traffic elements in the front view.","No.","0.0","0.0","0.9102","2602.4","6","CAM_FRONT; CAM_FRONT_LEFT; CAM_FRONT_RIGHT; CAM_BACK; CAM_BACK_LEFT; CAM_BACK_RIGHT","D_incomplete","3.82"
"0287702725184161af95373198546a59","675a8c5e014e4fda9b48acefe1effae3","perception","planning_other","Identify all the traffic elements in the front view, categorize them, determine their status, and predict the bounding box around each one. The output should be a list formatted as (c, s, x1, y1, x2, y2), where c represents the category, s denotes the status, and x1, y1, x2, y2 are the offsets of the top-left and bottom-right corners of the box relative to the center point.","There are many traffic elements in the front view. The information of these traffic elements is [(traffic light, red, 353.68, 302.62, 376.28, 344.81), (traffic light, red, 454.5, 301.98, 474.83, 345.55), (traffic light, red, 738.87, 423.28, 753.57, 437.33), (traffic light, red, 1131.99, 231.55, 1156.73, 332.07), (traffic light, unknown, 1536.47, 92.37, 1587.38, 189.23)].","","0.0","0.0","","10786.1","6","CAM_FRONT; CAM_FRONT_LEFT; CAM_FRONT_RIGHT; CAM_BACK; CAM_BACK_LEFT; CAM_BACK_RIGHT","D_incomplete","3.82"
"0287702725184161af95373198546a59","675a8c5e014e4fda9b48acefe1effae3","perception","which_query","Which lanes are each important object on in the scene?","the vehicle in back camera is on the ego lane, the vehicle in back camera is on the left lane, and the vehicle in front-left camera is on the left lane.","Cam Back: There are two lanes to the back of the ego car. Cam Front Left: There are two lanes to the front of the ego car.","0.339","0.0","0.8713","2828.2","2","CAM_BACK; CAM_FRONT_LEFT","","3.82"
"0287702725184161af95373198546a59","675a8c5e014e4fda9b48acefe1effae3","perception","what_query","What are the important objects in the current scene? Those objects will be considered for the future reasoning and driving decision.","There is a black car to the back of the ego vehicle, a white truck to the front right of the ego vehicle, a white pickup truck to the back of the ego vehicle, a blue sedan to the front left of the ego vehicle, and a red light to the front of the ego vehicle. The IDs of these objects are the vehicle in back camera, the vehicle in front-right camera, the vehicle in back camera, the vehicle in front-left camera, and the traffic element in front camera.","There are many pedestrians and two cars behind the ego car.","0.0784","0.0","0.8369","2604.1","4","CAM_BACK; CAM_FRONT_RIGHT; CAM_FRONT_LEFT; CAM_FRONT","D_incomplete","3.82"
"0287702725184161af95373198546a59","675a8c5e014e4fda9b48acefe1effae3","perception","what_query","What is the observed status of the vehicle in back camera?","Stationary.","Moving.","0.0","0.0","0.9269","748.7","1","CAM_BACK","B_wrong_status","3.82"
"0287702725184161af95373198546a59","675a8c5e014e4fda9b48acefe1effae3","perception","what_query","What is the observed status of the vehicle in front-right camera?","Moving.","Moving.","1.0","1.0","1.0","747.8","1","CAM_FRONT_RIGHT","","3.82"
"0287702725184161af95373198546a59","675a8c5e014e4fda9b48acefe1effae3","perception","what_query","What is the moving status of the vehicle in front-right camera?","Going ahead.","Moving.","0.0","0.0","0.9201","779.3","1","CAM_FRONT_RIGHT","F_other","3.82"
"0287702725184161af95373198546a59","675a8c5e014e4fda9b48acefe1effae3","perception","what_query","What is the observed status of the vehicle in back camera?","Stationary.","Moving.","0.0","0.0","0.9269","767.5","1","CAM_BACK","B_wrong_status","3.82"
"0287702725184161af95373198546a59","675a8c5e014e4fda9b48acefe1effae3","perception","what_query","What is the observed status of the vehicle in front-left camera?","Stationary.","Moving.","0.0","0.0","0.9269","765.0","1","CAM_FRONT_LEFT","B_wrong_status","3.82"
"0287702725184161af95373198546a59","675a8c5e014e4fda9b48acefe1effae3","perception","visual_description","What is the visual description of the vehicle in back camera?","Black car.","Moving.","0.0","0.0","0.9313","768.7","1","CAM_BACK","F_other","3.82"
"0287702725184161af95373198546a59","675a8c5e014e4fda9b48acefe1effae3","perception","visual_description","What is the visual description of the vehicle in front-right camera?","White truck.","The vehicle in front-right camera is a truck.","0.1818","0.0","0.9078","1244.3","1","CAM_FRONT_RIGHT","F_other","3.82"
"0287702725184161af95373198546a59","675a8c5e014e4fda9b48acefe1effae3","perception","visual_description","What is the visual description of the vehicle in back camera?","White pickup truck.","Moving.","0.0","0.0","0.9017","777.1","1","CAM_BACK","D_incomplete","3.82"
"0287702725184161af95373198546a59","675a8c5e014e4fda9b48acefe1effae3","perception","visual_description","What is the visual description of the vehicle in front-left camera?","Blue sedan.","The vehicle in front-left camera is a blue car.","0.1667","0.0","0.8825","1479.3","1","CAM_FRONT_LEFT","F_other","3.82"
"0287702725184161af95373198546a59","675a8c5e014e4fda9b48acefe1effae3","perception","visual_description","What is the visual description of the traffic element in front camera?","Red light.","There is a white truck in front of the ego car.","0.0","0.0","0.8803","1422.1","1","CAM_FRONT","F_other","3.82"
"0287702725184161af95373198546a59","675a8c5e014e4fda9b48acefe1effae3","prediction","yes_no","Is the object in back camera a traffic sign or a road barrier?","No.","There are two cars in front of the object in back camera.","0.0","0.0","0.8741","1289.6","1","CAM_BACK","F_other","3.82"
"0287702725184161af95373198546a59","675a8c5e014e4fda9b48acefe1effae3","prediction","other_question_type","Would the vehicle in back camera be in the moving direction of the ego vehicle?","No.","No.","1.0","1.0","1.0","710.2","1","CAM_BACK","","3.82"
"0287702725184161af95373198546a59","675a8c5e014e4fda9b48acefe1effae3","prediction","what_query","What is the future state of the vehicle in back camera?","Stationary.","Moving.","0.0","0.0","0.9269","788.1","1","CAM_BACK","B_wrong_status","3.82"
"0287702725184161af95373198546a59","675a8c5e014e4fda9b48acefe1effae3","prediction","yes_no","Is the object in front-right camera a traffic sign or a road barrier?","No.","There are two road barriers to the right.","0.0","0.0","0.8992","1128.6","1","CAM_FRONT_RIGHT","F_other","3.82"
"0287702725184161af95373198546a59","675a8c5e014e4fda9b48acefe1effae3","prediction","which_query","Which object is most likely to be occluded by the vehicle in front-right camera? Would this object affect the ego vehicle? Based on this object, what action of the ego vehicle is dangerous?","None, no, none.","There is a car in front of the ego vehicle. The car would be most likely to be occluded by the vehicle in front-right camera.","0.0","0.0","0.8245","4709.3","1","CAM_FRONT_RIGHT","A_hallucination","3.82"
"0287702725184161af95373198546a59","675a8c5e014e4fda9b48acefe1effae3","prediction","other_question_type","Would the vehicle in front-right camera be in the moving direction of the ego vehicle?","No.","No.","1.0","1.0","1.0","724.9","1","CAM_FRONT_RIGHT","","3.82"
"0287702725184161af95373198546a59","675a8c5e014e4fda9b48acefe1effae3","prediction","what_query","What is the future state of the vehicle in front-right camera?","Keep going straight.","Moving.","0.0","0.0","0.9134","772.3","1","CAM_FRONT_RIGHT","D_incomplete","3.82"
"0287702725184161af95373198546a59","675a8c5e014e4fda9b48acefe1effae3","prediction","yes_no","Is the object in back camera a traffic sign or a road barrier?","No.","There are two cars in front of the object in back camera.","0.0","0.0","0.8741","1290.4","1","CAM_BACK","F_other","3.82"
"0287702725184161af95373198546a59","675a8c5e014e4fda9b48acefe1effae3","prediction","other_question_type","Would the vehicle in back camera be in the moving direction of the ego vehicle?","No.","No.","1.0","1.0","1.0","736.9","1","CAM_BACK","","3.82"
"0287702725184161af95373198546a59","675a8c5e014e4fda9b48acefe1effae3","prediction","what_query","What is the future state of the vehicle in back camera?","Stationary.","Moving.","0.0","0.0","0.9269","785.7","1","CAM_BACK","B_wrong_status","3.82"
"0287702725184161af95373198546a59","675a8c5e014e4fda9b48acefe1effae3","prediction","yes_no","Is the object in front-left camera a traffic sign or a road barrier?","No.","There are no traffic signs or road barriers in the front-left camera view.","0.1333","0.0","0.8808","1509.8","1","CAM_FRONT_LEFT","F_other","3.82"
"0287702725184161af95373198546a59","675a8c5e014e4fda9b48acefe1effae3","prediction","other_question_type","Would the vehicle in front-left camera be in the moving direction of the ego vehicle?","No.","No.","1.0","1.0","1.0","728.7","1","CAM_FRONT_LEFT","","3.82"
"0287702725184161af95373198546a59","675a8c5e014e4fda9b48acefe1effae3","prediction","what_query","What is the future state of the vehicle in front-left camera?","Stationary.","Moving","0.0","0.0","0.8905","734.2","1","CAM_FRONT_LEFT","B_wrong_status","3.82"
"0287702725184161af95373198546a59","675a8c5e014e4fda9b48acefe1effae3","prediction","yes_no","Is the object in front camera a traffic sign or a road barrier?","Yes.","No.","0.0","0.0","0.9945","733.1","1","CAM_FRONT","F_other","3.82"
"0287702725184161af95373198546a59","675a8c5e014e4fda9b48acefe1effae3","prediction","other_question_type","Would the traffic element in front camera be in the moving direction of the ego vehicle?","Yes.","No.","0.0","0.0","0.9945","729.2","1","CAM_FRONT","F_other","3.82"
"0287702725184161af95373198546a59","675a8c5e014e4fda9b48acefe1effae3","prediction","what_query","What does the traffic element in front camera mean?","Please wait.","None.","0.0","0.0","0.8919","712.1","1","CAM_FRONT","F_other","3.82"
"0287702725184161af95373198546a59","675a8c5e014e4fda9b48acefe1effae3","prediction","other_question_type","In this scenario, what object is most likely to consider the traffic element in front camera?","The ego vehicle.","None.","0.0","0.0","0.9128","706.2","1","CAM_FRONT","D_incomplete","3.82"
"0287702725184161af95373198546a59","675a8c5e014e4fda9b48acefe1effae3","prediction","what_query","What object should the ego vehicle notice first when the ego vehicle is getting to the next possible location? What is the state of the object that is first noticed by the ego vehicle and what action should the ego vehicle take? What object should the ego vehicle notice second when the ego vehicle is getting to the next possible location? What is the state of the object perceived by the ego vehicle as second and what action should the ego vehicle take? What object should the ego vehicle notice third? What is the state of the object perceived by the ego vehicle as third and what action should the ego vehicle take?","Firstly, notice that the vehicle in front-left camera. The object is stationary, so the ego vehicle should remain stationary. Secondly, notice that the vehicle in front-right camera. The object is going ahead, so the ego vehicle should remain stationary. Thirdly, notice that the traffic element in front camera. The object is a traffic sign, so the ego vehicle should remain stationary.","There are 3 cars to the right. The ego vehicle should notice the first car first, which is parked.","0.2195","0.0","0.8561","4918.7","3","CAM_FRONT_LEFT; CAM_FRONT_RIGHT; CAM_FRONT","B_wrong_status","3.82"
"0287702725184161af95373198546a59","675a8c5e014e4fda9b48acefe1effae3","prediction","yes_no","Are the object in front camera and the object in front-right camera traffic signs?","Only one of the boxes is a traffic sign.","No.","0.0","0.0","0.8834","1077.8","2","CAM_FRONT; CAM_FRONT_RIGHT","D_incomplete","3.82"
"0287702725184161af95373198546a59","675a8c5e014e4fda9b48acefe1effae3","prediction","future_state","Will the traffic element in front camera be in the moving direction of the vehicle in front-right camera?","No.","No.","1.0","1.0","1.0","1066.4","2","CAM_FRONT; CAM_FRONT_RIGHT","","3.82"
"0287702725184161af95373198546a59","675a8c5e014e4fda9b48acefe1effae3","prediction","other_question_type","Would the vehicle in front-right camera take the traffic element in front camera into account?","No.","No.","1.0","1.0","1.0","1083.0","2","CAM_FRONT_RIGHT; CAM_FRONT","","3.82"
"0287702725184161af95373198546a59","675a8c5e014e4fda9b48acefe1effae3","prediction","what_query","What object would consider the traffic element in front camera to be most relevant to its decision?","The ego vehicle.","None.","0.0","0.0","0.9128","729.1","1","CAM_FRONT","D_incomplete","3.82"
"0287702725184161af95373198546a59","675a8c5e014e4fda9b48acefe1effae3","prediction","other_question_type","Except for the ego vehicle, what object would consider the traffic element in front camera to be most relevant to its decision?","the vehicle in front-left camera.","None.","0.0","0.0","0.8783","1100.7","2","CAM_FRONT; CAM_FRONT_LEFT","D_incomplete","3.82"
"0287702725184161af95373198546a59","675a8c5e014e4fda9b48acefe1effae3","prediction","what_query","What object would consider the vehicle in front-right camera to be most relevant to its decision?","None.","The ego vehicle.","0.0","0.0","0.9128","874.3","1","CAM_FRONT_RIGHT","F_other","3.82"
"0287702725184161af95373198546a59","675a8c5e014e4fda9b48acefe1effae3","prediction","yes_no","Are the object in front-left camera and the object in back camera traffic signs?","Neither is a traffic sign.","No.","0.0","0.0","0.8958","1075.6","2","CAM_FRONT_LEFT; CAM_BACK","D_incomplete","3.82"
"0287702725184161af95373198546a59","675a8c5e014e4fda9b48acefe1effae3","prediction","future_state","Will the vehicle in front-left camera be in the moving direction of the vehicle in back camera?","Yes.","No.","0.0","0.0","0.9945","1072.9","2","CAM_FRONT_LEFT; CAM_BACK","F_other","3.82"
"0287702725184161af95373198546a59","675a8c5e014e4fda9b48acefe1effae3","prediction","future_state","Will the vehicle in front-left camera change its motion state based on the vehicle in back camera?","Yes.","No.","0.0","0.0","0.9945","1082.9","2","CAM_FRONT_LEFT; CAM_BACK","F_other","3.82"
"0287702725184161af95373198546a59","675a8c5e014e4fda9b48acefe1effae3","prediction","other_question_type","Based on the observations of the vehicle in back camera, what are possible actions to be taken by the vehicle in front-left camera? What is the reason?","The action is to brake gently to a stop; the reason is to avoid a collision.","The vehicle in front-left camera is stationary.","0.1667","0.0","0.8555","1522.4","2","CAM_BACK; CAM_FRONT_LEFT","F_other","3.82"
"0287702725184161af95373198546a59","675a8c5e014e4fda9b48acefe1effae3","prediction","what_query","What object would consider the vehicle in front-left camera to be most relevant to its decision?","the vehicle in back camera.","There are two cars to the left.","0.1667","0.0","0.8815","1354.1","2","CAM_FRONT_LEFT; CAM_BACK","C_wrong_camera","3.82"
"0287702725184161af95373198546a59","675a8c5e014e4fda9b48acefe1effae3","prediction","what_query","What object would consider the vehicle in back camera to be most relevant to its decision?","None.","There are two cars to the right.","0.0","0.0","0.8979","1026.7","1","CAM_BACK","F_other","3.82"
"0287702725184161af95373198546a59","675a8c5e014e4fda9b48acefe1effae3","prediction","what_query","What kind of traffic sign is the object in front camera?","Traffic light.","None.","0.0","0.0","0.9294","794.4","1","CAM_FRONT","F_other","3.82"
"0287702725184161af95373198546a59","675a8c5e014e4fda9b48acefe1effae3","planning","yes_no","Is the vehicle in back camera an object that the ego vehicle should consider in the current scene?","No.","Yes.","0.0","0.0","0.9945","2879.6","6","CAM_FRONT; CAM_FRONT_LEFT; CAM_FRONT_RIGHT; CAM_BACK; CAM_BACK_LEFT; CAM_BACK_RIGHT","E_planning_error","3.82"
"0287702725184161af95373198546a59","675a8c5e014e4fda9b48acefe1effae3","planning","what_query","What actions could the ego vehicle take based on the vehicle in back camera? Why take this action and what's the probability?","The action is to remain stationary. The reason for this action is to follow the traffic rules, with a high probability.","High.","0.0909","0.0","0.877","5309.7","6","CAM_FRONT; CAM_FRONT_LEFT; CAM_FRONT_RIGHT; CAM_BACK; CAM_BACK_LEFT; CAM_BACK_RIGHT","D_incomplete","3.82"
"0287702725184161af95373198546a59","675a8c5e014e4fda9b48acefe1effae3","planning","what_query","What is the probability of colliding with the vehicle in back camera after the ego vehicle steps on the brakes?","Low.","Low.","1.0","1.0","1.0","2809.4","6","CAM_FRONT; CAM_FRONT_LEFT; CAM_FRONT_RIGHT; CAM_BACK; CAM_BACK_LEFT; CAM_BACK_RIGHT","","3.82"
"0287702725184161af95373198546a59","675a8c5e014e4fda9b48acefe1effae3","planning","what_query","What actions taken by the ego vehicle can lead to a collision with the vehicle in back camera?","Back up.","Accelerate and go straight actions taken by the ego vehicle can lead to a collision with the vehicle in back camera.","0.087","0.0","0.8538","4687.1","6","CAM_FRONT; CAM_FRONT_LEFT; CAM_FRONT_RIGHT; CAM_BACK; CAM_BACK_LEFT; CAM_BACK_RIGHT","A_hallucination","3.82"
"0287702725184161af95373198546a59","675a8c5e014e4fda9b48acefe1effae3","planning","yes_no","Is the vehicle in front-right camera an object that the ego vehicle should consider in the current scene?","No.","Yes.","0.0","0.0","0.9945","2839.3","6","CAM_FRONT; CAM_FRONT_LEFT; CAM_FRONT_RIGHT; CAM_BACK; CAM_BACK_LEFT; CAM_BACK_RIGHT","E_planning_error","3.82"
"0287702725184161af95373198546a59","675a8c5e014e4fda9b48acefe1effae3","planning","what_query","What actions could the ego vehicle take based on the vehicle in front-right camera? Why take this action and what's the probability?","The action is to keep stationary. The reason is to follow the traffic rules. The probability is high.","Low.","0.0","0.0","0.8836","5176.5","6","CAM_FRONT; CAM_FRONT_LEFT; CAM_FRONT_RIGHT; CAM_BACK; CAM_BACK_LEFT; CAM_BACK_RIGHT","D_incomplete","3.82"
"0287702725184161af95373198546a59","675a8c5e014e4fda9b48acefe1effae3","planning","what_query","What is the probability of colliding with the vehicle in front-right camera after the ego vehicle steps on the brakes?","Low.","Low.","1.0","1.0","1.0","2901.3","6","CAM_FRONT; CAM_FRONT_LEFT; CAM_FRONT_RIGHT; CAM_BACK; CAM_BACK_LEFT; CAM_BACK_RIGHT","","3.82"
"0287702725184161af95373198546a59","675a8c5e014e4fda9b48acefe1effae3","planning","what_query","What actions taken by the ego vehicle can lead to a collision with the vehicle in front-right camera?","Sharp right turn.","Accelerate and go straight actions taken by the ego vehicle can lead to a collision with the vehicle in front-right camera.","0.08","0.0","0.8519","4509.1","6","CAM_FRONT; CAM_FRONT_LEFT; CAM_FRONT_RIGHT; CAM_BACK; CAM_BACK_LEFT; CAM_BACK_RIGHT","A_hallucination","3.82"
"0287702725184161af95373198546a59","675a8c5e014e4fda9b48acefe1effae3","planning","yes_no","Is the vehicle in back camera an object that the ego vehicle should consider in the current scene?","No.","Yes.","0.0","0.0","0.9945","2858.1","6","CAM_FRONT; CAM_FRONT_LEFT; CAM_FRONT_RIGHT; CAM_BACK; CAM_BACK_LEFT; CAM_BACK_RIGHT","E_planning_error","3.82"
"0287702725184161af95373198546a59","675a8c5e014e4fda9b48acefe1effae3","planning","what_query","What actions could the ego vehicle take based on the vehicle in back camera? Why take this action and what's the probability?","The action is to remain stationary. The reason for this action is to follow traffic rules, which has a high probability.","High.","0.0909","0.0","0.8758","4796.3","6","CAM_FRONT; CAM_FRONT_LEFT; CAM_FRONT_RIGHT; CAM_BACK; CAM_BACK_LEFT; CAM_BACK_RIGHT","D_incomplete","3.82"
"0287702725184161af95373198546a59","675a8c5e014e4fda9b48acefe1effae3","planning","what_query","What is the probability of colliding with the vehicle in back camera after the ego vehicle steps on the brakes?","Low.","Low.","1.0","1.0","1.0","2812.1","6","CAM_FRONT; CAM_FRONT_LEFT; CAM_FRONT_RIGHT; CAM_BACK; CAM_BACK_LEFT; CAM_BACK_RIGHT","","3.82"
"0287702725184161af95373198546a59","675a8c5e014e4fda9b48acefe1effae3","planning","what_query","What actions taken by the ego vehicle can lead to a collision with the vehicle in back camera?","No such action will lead to a collision.","Accelerate and go straight actions taken by the ego vehicle can lead to a collision with the vehicle in back camera.","0.3448","0.0","0.8888","4369.7","6","CAM_FRONT; CAM_FRONT_LEFT; CAM_FRONT_RIGHT; CAM_BACK; CAM_BACK_LEFT; CAM_BACK_RIGHT","","3.82"
"0287702725184161af95373198546a59","675a8c5e014e4fda9b48acefe1effae3","planning","yes_no","Is the vehicle in front-left camera an object that the ego vehicle should consider in the current scene?","No.","Yes.","0.0","0.0","0.9945","2832.9","6","CAM_FRONT; CAM_FRONT_LEFT; CAM_FRONT_RIGHT; CAM_BACK; CAM_BACK_LEFT; CAM_BACK_RIGHT","E_planning_error","3.82"
"0287702725184161af95373198546a59","675a8c5e014e4fda9b48acefe1effae3","planning","what_query","What actions could the ego vehicle take based on the vehicle in front-left camera? Why take this action and what's the probability?","The action is to remain stationary. The reason for this action is to follow the traffic rules, which has a high probability.","Low.","0.0","0.0","0.8771","4780.2","6","CAM_FRONT; CAM_FRONT_LEFT; CAM_FRONT_RIGHT; CAM_BACK; CAM_BACK_LEFT; CAM_BACK_RIGHT","D_incomplete","3.82"
"0287702725184161af95373198546a59","675a8c5e014e4fda9b48acefe1effae3","planning","what_query","What is the probability of colliding with the vehicle in front-left camera after the ego vehicle goes straight and keeps the same speed?","Low.","Low.","1.0","1.0","1.0","2873.6","6","CAM_FRONT; CAM_FRONT_LEFT; CAM_FRONT_RIGHT; CAM_BACK; CAM_BACK_LEFT; CAM_BACK_RIGHT","","3.82"
"0287702725184161af95373198546a59","675a8c5e014e4fda9b48acefe1effae3","planning","what_query","What actions taken by the ego vehicle can lead to a collision with the vehicle in front-left camera?","Sharp left turn.","Accelerate and go straight actions taken by the ego vehicle can lead to a collision with the vehicle in front-left camera.","0.08","0.0","0.8485","4532.0","6","CAM_FRONT; CAM_FRONT_LEFT; CAM_FRONT_RIGHT; CAM_BACK; CAM_BACK_LEFT; CAM_BACK_RIGHT","A_hallucination","3.82"
"0287702725184161af95373198546a59","675a8c5e014e4fda9b48acefe1effae3","planning","yes_no","Is it necessary for the ego vehicle to take the traffic element in front camera into account?","Yes.","Yes.","1.0","1.0","1.0","2861.5","6","CAM_FRONT; CAM_FRONT_LEFT; CAM_FRONT_RIGHT; CAM_BACK; CAM_BACK_LEFT; CAM_BACK_RIGHT","","3.82"
"0287702725184161af95373198546a59","675a8c5e014e4fda9b48acefe1effae3","planning","other_question_type","Based on the traffic element in front camera in this scene, what is the most possible action of the ego vehicle?","Brake gently to a stop.","The most possible action of the ego vehicle is to accelerate and go straight.","0.1053","0.0","0.8444","4129.1","6","CAM_FRONT; CAM_FRONT_LEFT; CAM_FRONT_RIGHT; CAM_BACK; CAM_BACK_LEFT; CAM_BACK_RIGHT","E_planning_error","3.82"
"0287702725184161af95373198546a59","675a8c5e014e4fda9b48acefe1effae3","planning","what_query","What is the traffic signal that the ego vehicle should pay attention to?","Red light.","The traffic signal that the ego vehicle should pay attention to is the one in the front left camera.","0.0","0.0","0.8734","3805.0","6","CAM_FRONT; CAM_FRONT_LEFT; CAM_FRONT_RIGHT; CAM_BACK; CAM_BACK_LEFT; CAM_BACK_RIGHT","A_hallucination","3.82"
"0287702725184161af95373198546a59","675a8c5e014e4fda9b48acefe1effae3","planning","what_query","What is the target action of the ego vehicle?","Stationary.","The target action of the ego vehicle is to keep going at the same speed. The reason is to maintain a safe distance, which is high.","0.0","0.0","0.8439","4302.7","6","CAM_FRONT; CAM_FRONT_LEFT; CAM_FRONT_RIGHT; CAM_BACK; CAM_BACK_LEFT; CAM_BACK_RIGHT","A_hallucination","3.82"
"0287702725184161af95373198546a59","675a8c5e014e4fda9b48acefe1effae3","planning","other_question_type","In this scenario, what are safe actions to take for the ego vehicle?","Brake gently to a stop, slightly offset to the right.","In this scenario, the ego vehicle should maintain a safe distance from the vehicle in front camera. This can be achieved by accelerating and going straight.","0.1111","0.0","0.8472","5257.9","6","CAM_FRONT; CAM_FRONT_LEFT; CAM_FRONT_RIGHT; CAM_BACK; CAM_BACK_LEFT; CAM_BACK_RIGHT","A_hallucination","3.82"
"0287702725184161af95373198546a59","675a8c5e014e4fda9b48acefe1effae3","planning","other_question_type","In this scenario, what are dangerous actions to take for the ego vehicle?","Change to the left lane, accelerate, and proceed ahead.","In this scenario, the ego vehicle should avoid accelerating and going straight, as these actions can lead to a collision with the vehicle in front camera. Instead, the vehicle should maintain a safe distance by keeping going at the same speed.","0.12","0.0","0.8549","6500.4","6","CAM_FRONT; CAM_FRONT_LEFT; CAM_FRONT_RIGHT; CAM_BACK; CAM_BACK_LEFT; CAM_BACK_RIGHT","C_wrong_camera","3.82"
"0287702725184161af95373198546a59","675a8c5e014e4fda9b48acefe1effae3","planning","what_query","What is the priority of the objects that the ego vehicle should consider?(in descending order)","The priority of the objects that the ego vehicle should consider (in descending order) is the vehicle in front-left camera, the vehicle in front-right camera, the traffic element in front camera, the vehicle in back camera, the vehicle in back camera.","There are 5 vehicles to the left.","0.12","0.0","0.849","3636.3","6","CAM_FRONT; CAM_FRONT_LEFT; CAM_FRONT_RIGHT; CAM_BACK; CAM_BACK_LEFT; CAM_BACK_RIGHT","C_wrong_camera","3.82"
"0287702725184161af95373198546a59","675a8c5e014e4fda9b48acefe1effae3","planning","what_query","What's your comment on this scene?","Water droplets on the glass affect the driver's line of sight.","The scene shows a car driving down a street, with a fence and trees in the background. The car is moving, and there are no other vehicles visible in the image.","0.093","0.0","0.8566","5800.2","6","CAM_FRONT; CAM_FRONT_LEFT; CAM_FRONT_RIGHT; CAM_BACK; CAM_BACK_LEFT; CAM_BACK_RIGHT","A_hallucination","3.82"
"0287702725184161af95373198546a59","675a8c5e014e4fda9b48acefe1effae3","behavior","ego_behavior_prediction","Predict the behavior of the ego vehicle.","The ego vehicle is going straight. The ego vehicle is not moving.","The ego vehicle is going straight. The ego vehicle is driving fast.","0.8333","0.0","0.9741","3440.1","6","CAM_FRONT; CAM_FRONT_LEFT; CAM_FRONT_RIGHT; CAM_BACK; CAM_BACK_LEFT; CAM_BACK_RIGHT","","3.82"
"0287702725184161af95373198546a59","ba71abdfd5af46468a454858d7e5814e","perception","object_enumeration","What are objects to the back left of the ego car?","There are many barriers, many traffic cones, and one construction vehicle to the back left of the ego car.","There are two cars behind the ego car.","0.3704","0.0","0.9087","3148.5","6","CAM_FRONT; CAM_FRONT_LEFT; CAM_FRONT_RIGHT; CAM_BACK; CAM_BACK_LEFT; CAM_BACK_RIGHT","","3.82"
"0287702725184161af95373198546a59","ba71abdfd5af46468a454858d7e5814e","perception","object_enumeration","What are objects to the front of the ego car?","There are many cars, one trailer, two pedestrians, and one truck in front of the ego car.","There are two cars and a pedestrian in front of the ego car.","0.6667","0.0","0.9448","3491.1","6","CAM_FRONT; CAM_FRONT_LEFT; CAM_FRONT_RIGHT; CAM_BACK; CAM_BACK_LEFT; CAM_BACK_RIGHT","","3.82"
"0287702725184161af95373198546a59","ba71abdfd5af46468a454858d7e5814e","perception","status_query","What is the status of the cars that are to the front of the ego car?","Many cars are parked, and one is moving.","There are two cars in front of the ego car.","0.1111","0.0","0.8934","3291.1","6","CAM_FRONT; CAM_FRONT_LEFT; CAM_FRONT_RIGHT; CAM_BACK; CAM_BACK_LEFT; CAM_BACK_RIGHT","F_other","3.82"
"0287702725184161af95373198546a59","ba71abdfd5af46468a454858d7e5814e","perception","object_enumeration","What are objects to the front left of the ego car?","There is one trailer, three barriers, many trucks, three cars, and one traffic cone to the front left of the ego car.","There are two cars and a pedestrian to the front left of the ego car.","0.5946","0.0","0.932","3643.6","6","CAM_FRONT; CAM_FRONT_LEFT; CAM_FRONT_RIGHT; CAM_BACK; CAM_BACK_LEFT; CAM_BACK_RIGHT","","3.82"
"0287702725184161af95373198546a59","ba71abdfd5af46468a454858d7e5814e","perception","status_query","What is the status of the trailer that is to the front left of the ego car?","One trailer is moving.","Moving.","0.4","0.0","0.9025","2804.3","6","CAM_FRONT; CAM_FRONT_LEFT; CAM_FRONT_RIGHT; CAM_BACK; CAM_BACK_LEFT; CAM_BACK_RIGHT","","3.82"
"0287702725184161af95373198546a59","ba71abdfd5af46468a454858d7e5814e","perception","status_query","What is the status of the trailer that is to the front of the ego car?","The trailer in front of the ego car is moving.","Moving.","0.1818","0.0","0.8746","2805.8","6","CAM_FRONT; CAM_FRONT_LEFT; CAM_FRONT_RIGHT; CAM_BACK; CAM_BACK_LEFT; CAM_BACK_RIGHT","D_incomplete","3.82"
"0287702725184161af95373198546a59","ba71abdfd5af46468a454858d7e5814e","perception","status_query","What is the status of the trucks that are to the front left of the ego car?","Three of the trucks are moving, and one is parked.","There are two trucks to the front left of the ego car.","0.1818","0.0","0.8876","3456.2","6","CAM_FRONT; CAM_FRONT_LEFT; CAM_FRONT_RIGHT; CAM_BACK; CAM_BACK_LEFT; CAM_BACK_RIGHT","F_other","3.82"
"0287702725184161af95373198546a59","ba71abdfd5af46468a454858d7e5814e","perception","status_query","What is the status of the pedestrians that are to the front of the ego car?","Two pedestrians are moving.","There are many pedestrians and two cars in front of the ego car.","0.1176","0.0","0.8922","3498.1","6","CAM_FRONT; CAM_FRONT_LEFT; CAM_FRONT_RIGHT; CAM_BACK; CAM_BACK_LEFT; CAM_BACK_RIGHT","F_other","3.82"
"0287702725184161af95373198546a59","ba71abdfd5af46468a454858d7e5814e","perception","object_enumeration","What are objects to the back of the ego car?","There are two barriers and one truck behind the ego car.","There are many pedestrians and two cars behind the ego car.","0.6364","0.0","0.942","3396.2","6","CAM_FRONT; CAM_FRONT_LEFT; CAM_FRONT_RIGHT; CAM_BACK; CAM_BACK_LEFT; CAM_BACK_RIGHT","","3.82"
"0287702725184161af95373198546a59","ba71abdfd5af46468a454858d7e5814e","perception","status_query","What is the status of the truck that is to the front of the ego car?","One truck is moving.","Moving.","0.4","0.0","0.9016","2758.3","6","CAM_FRONT; CAM_FRONT_LEFT; CAM_FRONT_RIGHT; CAM_BACK; CAM_BACK_LEFT; CAM_BACK_RIGHT","","3.82"
"0287702725184161af95373198546a59","ba71abdfd5af46468a454858d7e5814e","perception","object_enumeration","What are objects to the front right of the ego car?","There are two cars, one truck, two barriers, and one traffic cone to the front right of the ego car.","There are two cars and a pedestrian to the front right of the ego car.","0.7429","0.0","0.9475","3613.6","6","CAM_FRONT; CAM_FRONT_LEFT; CAM_FRONT_RIGHT; CAM_BACK; CAM_BACK_LEFT; CAM_BACK_RIGHT","","3.82"
"0287702725184161af95373198546a59","ba71abdfd5af46468a454858d7e5814e","perception","status_query","What is the status of the cars that are to the front right of the ego car?","Two cars are moving.","There are two cars behind the ego car.","0.3333","0.0","0.9023","3183.1","6","CAM_FRONT; CAM_FRONT_LEFT; CAM_FRONT_RIGHT; CAM_BACK; CAM_BACK_LEFT; CAM_BACK_RIGHT","","3.82"
"0287702725184161af95373198546a59","ba71abdfd5af46468a454858d7e5814e","perception","status_query","What is the status of the truck that is to the front right of the ego car?","One truck is moving.","Moving.","0.4","0.0","0.9016","2781.4","6","CAM_FRONT; CAM_FRONT_LEFT; CAM_FRONT_RIGHT; CAM_BACK; CAM_BACK_LEFT; CAM_BACK_RIGHT","","3.82"
"0287702725184161af95373198546a59","ba71abdfd5af46468a454858d7e5814e","perception","status_query","What is the status of the construction vehicle that is to the back left of the ego car?","One construction vehicle is parked.","Moving.","0.0","0.0","0.8826","2775.9","6","CAM_FRONT; CAM_FRONT_LEFT; CAM_FRONT_RIGHT; CAM_BACK; CAM_BACK_LEFT; CAM_BACK_RIGHT","B_wrong_status","3.82"
"0287702725184161af95373198546a59","ba71abdfd5af46468a454858d7e5814e","perception","status_query","What is the status of the cars that are to the front left of the ego car?","One of the cars is moving, and two are parked.","There are two cars behind the ego car.","0.2222","0.0","0.8928","3228.2","6","CAM_FRONT; CAM_FRONT_LEFT; CAM_FRONT_RIGHT; CAM_BACK; CAM_BACK_LEFT; CAM_BACK_RIGHT","F_other","3.82"
"0287702725184161af95373198546a59","ba71abdfd5af46468a454858d7e5814e","perception","status_query","What is the status of the truck that is to the back of the ego car?","One truck is moving.","Moving.","0.4","0.0","0.9016","2810.3","6","CAM_FRONT; CAM_FRONT_LEFT; CAM_FRONT_RIGHT; CAM_BACK; CAM_BACK_LEFT; CAM_BACK_RIGHT","","3.82"
"0287702725184161af95373198546a59","ba71abdfd5af46468a454858d7e5814e","perception","yes_no","Are there barriers to the back of the ego car?","Yes.","No.","0.0","0.0","0.9945","2607.4","6","CAM_FRONT; CAM_FRONT_LEFT; CAM_FRONT_RIGHT; CAM_BACK; CAM_BACK_LEFT; CAM_BACK_RIGHT","F_other","3.82"
"0287702725184161af95373198546a59","ba71abdfd5af46468a454858d7e5814e","perception","yes_no","Are there traffic cones to the front of the ego car?","No.","No.","1.0","1.0","1.0","2533.3","6","CAM_FRONT; CAM_FRONT_LEFT; CAM_FRONT_RIGHT; CAM_BACK; CAM_BACK_LEFT; CAM_BACK_RIGHT","","3.82"
"0287702725184161af95373198546a59","ba71abdfd5af46468a454858d7e5814e","perception","yes_no","Are there barriers to the front left of the ego car?","Yes.","No.","0.0","0.0","0.9945","2564.6","6","CAM_FRONT; CAM_FRONT_LEFT; CAM_FRONT_RIGHT; CAM_BACK; CAM_BACK_LEFT; CAM_BACK_RIGHT","F_other","3.82"
"0287702725184161af95373198546a59","ba71abdfd5af46468a454858d7e5814e","perception","yes_no","Are there parked cars to the front of the ego car?","Yes.","No.","0.0","0.0","0.9945","2596.6","6","CAM_FRONT; CAM_FRONT_LEFT; CAM_FRONT_RIGHT; CAM_BACK; CAM_BACK_LEFT; CAM_BACK_RIGHT","F_other","3.82"
"0287702725184161af95373198546a59","ba71abdfd5af46468a454858d7e5814e","perception","yes_no","Are there barriers to the back left of the ego car?","Yes.","No.","0.0","0.0","0.9945","2598.2","6","CAM_FRONT; CAM_FRONT_LEFT; CAM_FRONT_RIGHT; CAM_BACK; CAM_BACK_LEFT; CAM_BACK_RIGHT","F_other","3.82"
"0287702725184161af95373198546a59","ba71abdfd5af46468a454858d7e5814e","perception","yes_no","Are there traffic cones to the front left of the ego car?","Yes.","No.","0.0","0.0","0.9945","2598.9","6","CAM_FRONT; CAM_FRONT_LEFT; CAM_FRONT_RIGHT; CAM_BACK; CAM_BACK_LEFT; CAM_BACK_RIGHT","F_other","3.82"
"0287702725184161af95373198546a59","ba71abdfd5af46468a454858d7e5814e","perception","yes_no","Are there moving trucks to the front left of the ego car?","Yes.","Yes.","1.0","1.0","1.0","2607.2","6","CAM_FRONT; CAM_FRONT_LEFT; CAM_FRONT_RIGHT; CAM_BACK; CAM_BACK_LEFT; CAM_BACK_RIGHT","","3.82"
"0287702725184161af95373198546a59","ba71abdfd5af46468a454858d7e5814e","perception","yes_no","Are there moving pedestrians to the front of the ego car?","Yes.","Yes.","1.0","1.0","1.0","2632.8","6","CAM_FRONT; CAM_FRONT_LEFT; CAM_FRONT_RIGHT; CAM_BACK; CAM_BACK_LEFT; CAM_BACK_RIGHT","","3.82"
"0287702725184161af95373198546a59","ba71abdfd5af46468a454858d7e5814e","perception","yes_no","Are there moving cars to the front right of the ego car?","Yes.","Yes.","1.0","1.0","1.0","2603.4","6","CAM_FRONT; CAM_FRONT_LEFT; CAM_FRONT_RIGHT; CAM_BACK; CAM_BACK_LEFT; CAM_BACK_RIGHT","","3.82"
"0287702725184161af95373198546a59","ba71abdfd5af46468a454858d7e5814e","perception","yes_no","Are there moving trucks to the back of the ego car?","Yes.","Yes.","1.0","1.0","1.0","2623.1","6","CAM_FRONT; CAM_FRONT_LEFT; CAM_FRONT_RIGHT; CAM_BACK; CAM_BACK_LEFT; CAM_BACK_RIGHT","","3.82"
"0287702725184161af95373198546a59","ba71abdfd5af46468a454858d7e5814e","perception","yes_no","Are there moving trailers to the front of the ego car?","Yes.","Yes.","1.0","1.0","1.0","2609.9","6","CAM_FRONT; CAM_FRONT_LEFT; CAM_FRONT_RIGHT; CAM_BACK; CAM_BACK_LEFT; CAM_BACK_RIGHT","","3.82"
"0287702725184161af95373198546a59","ba71abdfd5af46468a454858d7e5814e","perception","yes_no","Are there parked cars to the front left of the ego car?","Yes.","No.","0.0","0.0","0.9945","2597.4","6","CAM_FRONT; CAM_FRONT_LEFT; CAM_FRONT_RIGHT; CAM_BACK; CAM_BACK_LEFT; CAM_BACK_RIGHT","F_other","3.82"
"0287702725184161af95373198546a59","ba71abdfd5af46468a454858d7e5814e","perception","yes_no","Are there traffic cones to the back left of the ego car?","Yes.","No.","0.0","0.0","0.9945","2544.6","6","CAM_FRONT; CAM_FRONT_LEFT; CAM_FRONT_RIGHT; CAM_BACK; CAM_BACK_LEFT; CAM_BACK_RIGHT","F_other","3.82"
"0287702725184161af95373198546a59","ba71abdfd5af46468a454858d7e5814e","perception","yes_no","Are there moving trucks to the front right of the ego car?","Yes.","Yes.","1.0","1.0","1.0","2553.0","6","CAM_FRONT; CAM_FRONT_LEFT; CAM_FRONT_RIGHT; CAM_BACK; CAM_BACK_LEFT; CAM_BACK_RIGHT","","3.82"
"0287702725184161af95373198546a59","ba71abdfd5af46468a454858d7e5814e","perception","yes_no","Are there parked trucks to the front left of the ego car?","Yes.","No.","0.0","0.0","0.9945","2580.2","6","CAM_FRONT; CAM_FRONT_LEFT; CAM_FRONT_RIGHT; CAM_BACK; CAM_BACK_LEFT; CAM_BACK_RIGHT","F_other","3.82"
"0287702725184161af95373198546a59","ba71abdfd5af46468a454858d7e5814e","perception","other_question_type","Please describe the current scene.","There are many parked cars in front of the ego car, one parked car to the front left, one moving truck in front, one moving truck in the back, one barrier to the front left, two barriers to the front right, three barriers to the back left, one moving pedestrian in front, and one traffic cone to the front right.","The scene is a city street with a car driving down the road. There are multiple pedestrians walking along the street, and two cars are visible behind the car in front.","0.1758","0.0","0.8603","4977.3","6","CAM_FRONT; CAM_FRONT_LEFT; CAM_FRONT_RIGHT; CAM_BACK; CAM_BACK_LEFT; CAM_BACK_RIGHT","B_wrong_status","3.82"
"0287702725184161af95373198546a59","ba71abdfd5af46468a454858d7e5814e","perception","what_query","What is the relative positioning of the important objects in the current scene?","the pedestrian in front camera is on the front left of the vehicle in front camera, the vehicle in front camera is on the front left of the vehicle in front camera, the vehicle in back camera is at the back of the vehicle in front camera, the vehicle in front-left camera is at the back of the vehicle in front camera, the vehicle in back camera is at the back of the pedestrian in front camera, the vehicle in front-left camera is at the back of the pedestrian in front camera, the vehicle in front camera is at the back right of the pedestrian in front camera, the vehicle in back camera is at the back of the vehicle in front camera, the vehicle in front-left camera is at the back of the vehicle in front camera and the vehicle in front-left camera is at the front of the vehicle in back camera.","The ego car is in the front, and there are many pedestrians and two cars behind it.","0.08","0.0","0.8248","2390.3","3","CAM_FRONT; CAM_BACK; CAM_FRONT_LEFT","C_wrong_camera","3.82"
"0287702725184161af95373198546a59","ba71abdfd5af46468a454858d7e5814e","perception","yes_no","Is there any traffic element in the front view?","Yes, there are traffic elements in the front view.","No.","0.0","0.0","0.9102","2643.0","6","CAM_FRONT; CAM_FRONT_LEFT; CAM_FRONT_RIGHT; CAM_BACK; CAM_BACK_LEFT; CAM_BACK_RIGHT","D_incomplete","3.82"
"0287702725184161af95373198546a59","ba71abdfd5af46468a454858d7e5814e","perception","planning_other","Identify all the traffic elements in the front view, categorize them, determine their status, and predict the bounding box around each one. The output should be a list formatted as (c, s, x1, y1, x2, y2), where c represents the category, s denotes the status, and x1, y1, x2, y2 are the offsets of the top-left and bottom-right corners of the box relative to the center point.","There are many traffic elements in the front view. The information of these traffic elements is [(traffic light, red, 352.26, 302.16, 374.86, 344.35), (traffic light, red, 454.5, 301.98, 474.83, 345.55), (traffic light, red, 738.87, 423.28, 753.57, 437.33), (traffic light, red, 1131.99, 231.55, 1156.73, 332.07), (traffic light, unknown, 1539.2, 92.37, 1587.38, 188.72)].","","0.0","0.0","","10693.6","6","CAM_FRONT; CAM_FRONT_LEFT; CAM_FRONT_RIGHT; CAM_BACK; CAM_BACK_LEFT; CAM_BACK_RIGHT","D_incomplete","3.82"
"0287702725184161af95373198546a59","ba71abdfd5af46468a454858d7e5814e","perception","which_query","Which lanes are each important object on in the scene?","the vehicle in back camera is in the left lane and the vehicle in front-left camera is in the left lane.","Cam Back: There are two lanes to the back of the ego car. Cam Front Left: There are two lanes to the front of the ego car.","0.3265","0.0","0.8801","2678.9","2","CAM_BACK; CAM_FRONT_LEFT","","3.82"
"0287702725184161af95373198546a59","ba71abdfd5af46468a454858d7e5814e","perception","what_query","What are the important objects in the current scene? Those objects will be considered for the future reasoning and driving decision.","There is a yellow truck to the front of the ego vehicle, a pedestrian crossing the road to the front of the ego vehicle, a silver sedan to the front of the ego vehicle, a silver SUV to the back of the ego vehicle, a black sedan to the front left of the ego vehicle, and a red light to the front of the ego vehicle. The IDs of these objects are the vehicle in front camera, the pedestrian in front camera, the vehicle in front camera, the vehicle in back camera, the vehicle in front-left camera, and the traffic element in front camera.","There are many pedestrians and two cars behind the ego car.","0.0862","0.0","0.8346","2030.0","3","CAM_FRONT; CAM_BACK; CAM_FRONT_LEFT","D_incomplete","3.82"
"0287702725184161af95373198546a59","ba71abdfd5af46468a454858d7e5814e","perception","what_query","What is the observed status of the vehicle in front camera?","Moving.","Moving.","1.0","1.0","1.0","768.7","1","CAM_FRONT","","3.82"
"0287702725184161af95373198546a59","ba71abdfd5af46468a454858d7e5814e","perception","what_query","What is the moving status of the vehicle in front camera?","Going ahead.","Moving.","0.0","0.0","0.9201","764.4","1","CAM_FRONT","F_other","3.82"
"0287702725184161af95373198546a59","ba71abdfd5af46468a454858d7e5814e","perception","what_query","What is the observed status of the pedestrian in front camera?","Moving.","Moving.","1.0","1.0","1.0","765.7","1","CAM_FRONT","","3.82"
"0287702725184161af95373198546a59","ba71abdfd5af46468a454858d7e5814e","perception","what_query","What is the moving status of the pedestrian in front camera?","Going ahead.","Moving.","0.0","0.0","0.9201","779.2","1","CAM_FRONT","F_other","3.82"
"0287702725184161af95373198546a59","ba71abdfd5af46468a454858d7e5814e","perception","what_query","What is the observed status of the vehicle in front camera?","Moving.","Moving.","1.0","1.0","1.0","767.6","1","CAM_FRONT","","3.82"
"0287702725184161af95373198546a59","ba71abdfd5af46468a454858d7e5814e","perception","what_query","What is the moving status of the vehicle in front camera?","Going ahead.","Moving.","0.0","0.0","0.9201","778.5","1","CAM_FRONT","F_other","3.82"
"0287702725184161af95373198546a59","ba71abdfd5af46468a454858d7e5814e","perception","what_query","What is the observed status of the vehicle in back camera?","Moving.","Moving.","1.0","1.0","1.0","784.7","1","CAM_BACK","","3.82"
"0287702725184161af95373198546a59","ba71abdfd5af46468a454858d7e5814e","perception","what_query","What is the moving status of the vehicle in back camera?","Going ahead.","Moving.","0.0","0.0","0.9201","782.1","1","CAM_BACK","F_other","3.82"
"0287702725184161af95373198546a59","ba71abdfd5af46468a454858d7e5814e","perception","what_query","What is the observed status of the vehicle in front-left camera?","Stationary.","Moving.","0.0","0.0","0.9269","792.1","1","CAM_FRONT_LEFT","B_wrong_status","3.82"
"0287702725184161af95373198546a59","ba71abdfd5af46468a454858d7e5814e","perception","visual_description","What is the visual description of the vehicle in front camera?","Yellow truck.","There is a large truck in front of the ego car.","0.1538","0.0","0.9041","1311.7","1","CAM_FRONT","F_other","3.82"
"0287702725184161af95373198546a59","ba71abdfd5af46468a454858d7e5814e","perception","visual_description","What is the visual description of the pedestrian in front camera?","The visual description of the pedestrian in front camera is a pedestrian crossing the road.","There is a person walking in front of the ego car.","0.2308","0.0","0.8785","1279.3","1","CAM_FRONT","F_other","3.82"
"0287702725184161af95373198546a59","ba71abdfd5af46468a454858d7e5814e","perception","visual_description","What is the visual description of the vehicle in front camera?","Silver sedan.","There is a large truck in front of the ego car.","0.0","0.0","0.8746","1308.0","1","CAM_FRONT","F_other","3.82"
"0287702725184161af95373198546a59","ba71abdfd5af46468a454858d7e5814e","perception","visual_description","What is the visual description of the vehicle in back camera?","Silver SUV.","Moving.","0.0","0.0","0.9249","767.2","1","CAM_BACK","F_other","3.82"
"0287702725184161af95373198546a59","ba71abdfd5af46468a454858d7e5814e","perception","visual_description","What is the visual description of the vehicle in front-left camera?","Black sedan.","There is a blue car in front of the camera.","0.0","0.0","0.8845","1195.5","1","CAM_FRONT_LEFT","F_other","3.82"
"0287702725184161af95373198546a59","ba71abdfd5af46468a454858d7e5814e","perception","visual_description","What is the visual description of the traffic element in front camera?","Red light.","There is a large truck in front of the ego car.","0.0","0.0","0.8812","1326.1","1","CAM_FRONT","F_other","3.82"
"0287702725184161af95373198546a59","ba71abdfd5af46468a454858d7e5814e","prediction","yes_no","Is the object in front camera a traffic sign or a road barrier?","No.","No.","1.0","1.0","1.0","762.8","1","CAM_FRONT","","3.82"
"0287702725184161af95373198546a59","ba71abdfd5af46468a454858d7e5814e","prediction","which_query","Which object is most likely to be occluded by the vehicle in front camera? Would this object affect the ego vehicle? Based on this object, what action of the ego vehicle is dangerous?","None, no, none.","There is a car in front of the ego vehicle. The car would be most likely to be occluded by the vehicle in front camera. The car is parked, and the ego vehicle is moving. The ego vehicle is dangerous because it is moving towards the parked car.","0.0","0.0","0.8175","4836.6","1","CAM_FRONT","A_hallucination","3.82"
"0287702725184161af95373198546a59","ba71abdfd5af46468a454858d7e5814e","prediction","other_question_type","Would the vehicle in front camera be in the moving direction of the ego vehicle?","No.","No.","1.0","1.0","1.0","742.4","1","CAM_FRONT","","3.82"
"0287702725184161af95373198546a59","ba71abdfd5af46468a454858d7e5814e","prediction","what_query","What is the future state of the vehicle in front camera?","Keep going straight.","Moving","0.0","0.0","0.8638","761.7","1","CAM_FRONT","D_incomplete","3.82"
"0287702725184161af95373198546a59","ba71abdfd5af46468a454858d7e5814e","prediction","yes_no","Is the object in front camera a traffic sign or a road barrier?","No.","No.","1.0","1.0","1.0","774.1","1","CAM_FRONT","","3.82"
"0287702725184161af95373198546a59","ba71abdfd5af46468a454858d7e5814e","prediction","which_query","Which object is most likely to be occluded by the pedestrian in front camera? Would this object affect the ego vehicle? Based on this object, what action of the ego vehicle is dangerous?","None, no, none.","There is a person in front camera. The ego vehicle should be cautious of the pedestrian's movements and ensure they maintain a safe distance. The ego vehicle should also be prepared to stop if necessary to avoid a collision.","0.0","0.0","0.8197","3877.1","1","CAM_FRONT","A_hallucination","3.82"
"0287702725184161af95373198546a59","ba71abdfd5af46468a454858d7e5814e","prediction","other_question_type","Would the pedestrian in front camera be in the moving direction of the ego vehicle?","No.","No.","1.0","1.0","1.0","746.4","1","CAM_FRONT","","3.82"
"0287702725184161af95373198546a59","ba71abdfd5af46468a454858d7e5814e","prediction","what_query","What is the future state of the pedestrian in front camera?","Keep going straight.","Moving","0.0","0.0","0.8638","746.8","1","CAM_FRONT","D_incomplete","3.82"
"0287702725184161af95373198546a59","ba71abdfd5af46468a454858d7e5814e","prediction","yes_no","Is the object in front camera a traffic sign or a road barrier?","No.","No.","1.0","1.0","1.0","734.5","1","CAM_FRONT","","3.82"
"0287702725184161af95373198546a59","ba71abdfd5af46468a454858d7e5814e","prediction","which_query","Which object is most likely to be occluded by the vehicle in front camera? Would this object affect the ego vehicle? Based on this object, what action of the ego vehicle is dangerous?","None, no, none.","There is a car in front of the ego vehicle. The car would be most likely to be occluded by the vehicle in front camera. The car is parked, and the ego vehicle is moving. The ego vehicle is dangerous because it is moving towards the parked car.","0.0","0.0","0.8175","4008.0","1","CAM_FRONT","A_hallucination","3.82"
"0287702725184161af95373198546a59","ba71abdfd5af46468a454858d7e5814e","prediction","other_question_type","Would the vehicle in front camera be in the moving direction of the ego vehicle?","No.","No.","1.0","1.0","1.0","761.6","1","CAM_FRONT","","3.82"
"0287702725184161af95373198546a59","ba71abdfd5af46468a454858d7e5814e","prediction","what_query","What is the future state of the vehicle in front camera?","Keep going straight.","Moving","0.0","0.0","0.8638","717.5","1","CAM_FRONT","D_incomplete","3.82"
"0287702725184161af95373198546a59","ba71abdfd5af46468a454858d7e5814e","prediction","yes_no","Is the object in back camera a traffic sign or a road barrier?","No.","There are two traffic signs in the back camera.","0.0","0.0","0.8924","1379.0","1","CAM_BACK","F_other","3.82"
"0287702725184161af95373198546a59","ba71abdfd5af46468a454858d7e5814e","prediction","which_query","Which object is most likely to be occluded by the vehicle in back camera? Would this object affect the ego vehicle? Based on this object, what action of the ego vehicle is dangerous?","None, no, none.","There is a car in front of the ego vehicle. The car in front camera is most likely to be occluded by the vehicle in back camera. This car would affect the ego vehicle's decision-making process. The ego vehicle is moving.","0.0","0.0","0.8197","4014.4","1","CAM_BACK","A_hallucination","3.82"
"0287702725184161af95373198546a59","ba71abdfd5af46468a454858d7e5814e","prediction","other_question_type","Would the vehicle in back camera be in the moving direction of the ego vehicle?","No.","No.","1.0","1.0","1.0","779.1","1","CAM_BACK","","3.82"
"0287702725184161af95373198546a59","ba71abdfd5af46468a454858d7e5814e","prediction","what_query","What is the future state of the vehicle in back camera?","Stationary.","Moving.","0.0","0.0","0.9269","821.6","1","CAM_BACK","B_wrong_status","3.82"
"0287702725184161af95373198546a59","ba71abdfd5af46468a454858d7e5814e","prediction","yes_no","Is the object in front-left camera a traffic sign or a road barrier?","No.","There are no traffic signs or road barriers in the front-left camera view.","0.1333","0.0","0.8808","1839.8","1","CAM_FRONT_LEFT","F_other","3.82"
"0287702725184161af95373198546a59","ba71abdfd5af46468a454858d7e5814e","prediction","other_question_type","Would the vehicle in front-left camera be in the moving direction of the ego vehicle?","No.","No.","1.0","1.0","1.0","767.1","1","CAM_FRONT_LEFT","","3.82"
"0287702725184161af95373198546a59","ba71abdfd5af46468a454858d7e5814e","prediction","what_query","What is the future state of the vehicle in front-left camera?","Stationary.","Moving","0.0","0.0","0.8905","774.5","1","CAM_FRONT_LEFT","B_wrong_status","3.82"
"0287702725184161af95373198546a59","ba71abdfd5af46468a454858d7e5814e","prediction","yes_no","Is the object in front camera a traffic sign or a road barrier?","Yes.","No.","0.0","0.0","0.9945","741.9","1","CAM_FRONT","F_other","3.82"
"0287702725184161af95373198546a59","ba71abdfd5af46468a454858d7e5814e","prediction","other_question_type","Would the traffic element in front camera be in the moving direction of the ego vehicle?","No.","No.","1.0","1.0","1.0","783.2","1","CAM_FRONT","","3.82"
"0287702725184161af95373198546a59","ba71abdfd5af46468a454858d7e5814e","prediction","what_query","What does the traffic element in front camera mean?","Please wait.","There are two vehicles in front camera.","0.0","0.0","0.8561","1017.7","1","CAM_FRONT","F_other","3.82"
"0287702725184161af95373198546a59","ba71abdfd5af46468a454858d7e5814e","prediction","other_question_type","In this scenario, what object is most likely to consider the traffic element in front camera?","The ego vehicle.","None.","0.0","0.0","0.9128","719.6","1","CAM_FRONT","D_incomplete","3.82"
"0287702725184161af95373198546a59","ba71abdfd5af46468a454858d7e5814e","prediction","what_query","What object should the ego vehicle notice first when the ego vehicle is getting to the next possible location? What is the state of the object that is first noticed by the ego vehicle and what action should the ego vehicle take? What object should the ego vehicle notice second when the ego vehicle is getting to the next possible location? What is the state of the object perceived by the ego vehicle as second and what action should the ego vehicle take? What object should the ego vehicle notice third? What is the state of the object perceived by the ego vehicle as third and what action should the ego vehicle take?","Firstly, notice the vehicle in front camera. It is going ahead, so the ego vehicle should keep stationary. Secondly, notice the vehicle in front camera. It is also going ahead, so the ego vehicle should keep stationary. Thirdly, notice the pedestrian in front camera. It is going ahead, so the ego vehicle should keep stationary.","There are 3 cars to the front. The ego vehicle should notice the first car first, which is parked.","0.2432","0.0","0.8685","4729.4","1","CAM_FRONT","B_wrong_status","3.82"
"0287702725184161af95373198546a59","ba71abdfd5af46468a454858d7e5814e","prediction","yes_no","Are the object in front camera and the object in back camera traffic signs?","Only one of the boxes is a traffic sign.","No.","0.0","0.0","0.8834","1113.5","2","CAM_FRONT; CAM_BACK","D_incomplete","3.82"
"0287702725184161af95373198546a59","ba71abdfd5af46468a454858d7e5814e","prediction","future_state","Will the traffic element in front camera be in the moving direction of the vehicle in back camera?","Yes.","No.","0.0","0.0","0.9945","1066.7","2","CAM_FRONT; CAM_BACK","F_other","3.82"
"0287702725184161af95373198546a59","ba71abdfd5af46468a454858d7e5814e","prediction","other_question_type","Would the vehicle in back camera take the traffic element in front camera into account?","Yes.","No.","0.0","0.0","0.9945","1052.7","2","CAM_BACK; CAM_FRONT","F_other","3.82"
"0287702725184161af95373198546a59","ba71abdfd5af46468a454858d7e5814e","prediction","what_query","What object would consider the traffic element in front camera to be most relevant to its decision?","The ego vehicle.","There are two cars to the front.","0.2","0.0","0.8718","1046.5","1","CAM_FRONT","F_other","3.82"
"0287702725184161af95373198546a59","ba71abdfd5af46468a454858d7e5814e","prediction","other_question_type","Except for the ego vehicle, what object would consider the traffic element in front camera to be most relevant to its decision?","the vehicle in front-left camera.","None.","0.0","0.0","0.8783","1058.1","2","CAM_FRONT; CAM_FRONT_LEFT","D_incomplete","3.82"
"0287702725184161af95373198546a59","ba71abdfd5af46468a454858d7e5814e","prediction","what_query","What object would consider the vehicle in back camera to be most relevant to its decision?","None.","There are two cars to the right.","0.0","0.0","0.8979","1012.6","1","CAM_BACK","F_other","3.82"
"0287702725184161af95373198546a59","ba71abdfd5af46468a454858d7e5814e","prediction","yes_no","Are the object in front camera and the object in front camera traffic signs?","Neither is a traffic sign.","No.","0.0","0.0","0.8958","710.2","1","CAM_FRONT","D_incomplete","3.82"
"0287702725184161af95373198546a59","ba71abdfd5af46468a454858d7e5814e","prediction","future_state","Will the vehicle in front camera be in the moving direction of the pedestrian in front camera?","No.","No.","1.0","1.0","1.0","726.4","1","CAM_FRONT","","3.82"
"0287702725184161af95373198546a59","ba71abdfd5af46468a454858d7e5814e","prediction","future_state","Will the vehicle in front camera change its motion state based on the pedestrian in front camera?","No.","No.","1.0","1.0","1.0","705.4","1","CAM_FRONT","","3.82"
"0287702725184161af95373198546a59","ba71abdfd5af46468a454858d7e5814e","prediction","other_question_type","Based on the observations of the pedestrian in front camera, what are possible actions to be taken by the vehicle in front camera? What is the reason?","The action is to keep going at the same speed, the reason is there is no safety issue.","The pedestrian is walking on the sidewalk. The vehicle should be cautious and prepared to stop if necessary to ensure the safety of the pedestrian.","0.2326","0.0","0.863","2368.0","1","CAM_FRONT","F_other","3.82"
"0287702725184161af95373198546a59","ba71abdfd5af46468a454858d7e5814e","prediction","what_query","What object would consider the vehicle in front camera to be most relevant to its decision?","The ego vehicle.","The ego vehicle.","1.0","1.0","1.0","861.4","1","CAM_FRONT","","3.82"
"0287702725184161af95373198546a59","ba71abdfd5af46468a454858d7e5814e","prediction","other_question_type","Except for the ego vehicle, what object would consider the vehicle in front camera to be most relevant to its decision?","None.","None.","1.0","1.0","1.0","729.2","1","CAM_FRONT","","3.82"
"0287702725184161af95373198546a59","ba71abdfd5af46468a454858d7e5814e","prediction","what_query","What object would consider the pedestrian in front camera to be most relevant to its decision?","None.","The ego vehicle.","0.0","0.0","0.9128","890.8","1","CAM_FRONT","F_other","3.82"
"0287702725184161af95373198546a59","ba71abdfd5af46468a454858d7e5814e","prediction","what_query","What kind of traffic sign is the object in front camera?","Traffic light.","None.","0.0","0.0","0.9294","724.7","1","CAM_FRONT","F_other","3.82"
"0287702725184161af95373198546a59","ba71abdfd5af46468a454858d7e5814e","planning","yes_no","Is the vehicle in front camera an object that the ego vehicle should consider in the current scene?","Yes.","Yes.","1.0","1.0","1.0","2877.6","6","CAM_FRONT; CAM_FRONT_LEFT; CAM_FRONT_RIGHT; CAM_BACK; CAM_BACK_LEFT; CAM_BACK_RIGHT","","3.82"
"0287702725184161af95373198546a59","ba71abdfd5af46468a454858d7e5814e","planning","what_query","What actions could the ego vehicle take based on the vehicle in front camera? Why take this action and what's the probability?","The action is to remain stationary. The reason is to follow the traffic rules. The probability is high.","High.","0.1053","0.0","0.8827","4669.7","6","CAM_FRONT; CAM_FRONT_LEFT; CAM_FRONT_RIGHT; CAM_BACK; CAM_BACK_LEFT; CAM_BACK_RIGHT","D_incomplete","3.82"
"0287702725184161af95373198546a59","ba71abdfd5af46468a454858d7e5814e","planning","what_query","What is the probability of colliding with the vehicle in front camera after the ego vehicle steps on the brakes?","Low.","Low.","1.0","1.0","1.0","2971.7","6","CAM_FRONT; CAM_FRONT_LEFT; CAM_FRONT_RIGHT; CAM_BACK; CAM_BACK_LEFT; CAM_BACK_RIGHT","","3.82"
"0287702725184161af95373198546a59","ba71abdfd5af46468a454858d7e5814e","planning","what_query","What actions taken by the ego vehicle can lead to a collision with the vehicle in front camera?","Accelerate and go straight.","Accelerate and go straight actions taken by the ego vehicle can lead to a collision with the vehicle in front camera.","0.32","0.0","0.8859","4731.8","6","CAM_FRONT; CAM_FRONT_LEFT; CAM_FRONT_RIGHT; CAM_BACK; CAM_BACK_LEFT; CAM_BACK_RIGHT","","3.82"
"0287702725184161af95373198546a59","ba71abdfd5af46468a454858d7e5814e","planning","yes_no","Is the pedestrian in front camera an object that the ego vehicle should consider in the current scene?","No.","Yes.","0.0","0.0","0.9945","2843.0","6","CAM_FRONT; CAM_FRONT_LEFT; CAM_FRONT_RIGHT; CAM_BACK; CAM_BACK_LEFT; CAM_BACK_RIGHT","E_planning_error","3.82"
"0287702725184161af95373198546a59","ba71abdfd5af46468a454858d7e5814e","planning","what_query","What actions could the ego vehicle take based on the pedestrian in front camera? Why take this action and what's the probability?","The action is to remain stationary. The reason for this action is to follow traffic rules, and the probability of this action is high.","Low.","0.0","0.0","0.8778","4820.2","6","CAM_FRONT; CAM_FRONT_LEFT; CAM_FRONT_RIGHT; CAM_BACK; CAM_BACK_LEFT; CAM_BACK_RIGHT","D_incomplete","3.82"
"0287702725184161af95373198546a59","ba71abdfd5af46468a454858d7e5814e","planning","what_query","What is the probability of colliding with the pedestrian in front camera after the ego vehicle speeds up and turns right?","Low.","High.","0.0","0.0","0.9778","2834.0","6","CAM_FRONT; CAM_FRONT_LEFT; CAM_FRONT_RIGHT; CAM_BACK; CAM_BACK_LEFT; CAM_BACK_RIGHT","E_planning_error","3.82"
"0287702725184161af95373198546a59","ba71abdfd5af46468a454858d7e5814e","planning","yes_no","Is the vehicle in front camera an object that the ego vehicle should consider in the current scene?","No.","Yes.","0.0","0.0","0.9945","2848.6","6","CAM_FRONT; CAM_FRONT_LEFT; CAM_FRONT_RIGHT; CAM_BACK; CAM_BACK_LEFT; CAM_BACK_RIGHT","E_planning_error","3.82"
"0287702725184161af95373198546a59","ba71abdfd5af46468a454858d7e5814e","planning","what_query","What actions could the ego vehicle take based on the vehicle in front camera? Why take this action and what's the probability?","The action is to keep stationary. The reason is to follow the traffic rules, high.","High.","0.125","0.0","0.8851","4967.7","6","CAM_FRONT; CAM_FRONT_LEFT; CAM_FRONT_RIGHT; CAM_BACK; CAM_BACK_LEFT; CAM_BACK_RIGHT","D_incomplete","3.82"
"0287702725184161af95373198546a59","ba71abdfd5af46468a454858d7e5814e","planning","what_query","What is the probability of colliding with the vehicle in front camera after the ego vehicle steps on the brakes?","Low.","Low.","1.0","1.0","1.0","2849.5","6","CAM_FRONT; CAM_FRONT_LEFT; CAM_FRONT_RIGHT; CAM_BACK; CAM_BACK_LEFT; CAM_BACK_RIGHT","","3.82"
"0287702725184161af95373198546a59","ba71abdfd5af46468a454858d7e5814e","planning","yes_no","Is the vehicle in back camera an object that the ego vehicle should consider in the current scene?","No.","Yes.","0.0","0.0","0.9945","2859.8","6","CAM_FRONT; CAM_FRONT_LEFT; CAM_FRONT_RIGHT; CAM_BACK; CAM_BACK_LEFT; CAM_BACK_RIGHT","E_planning_error","3.82"
"0287702725184161af95373198546a59","ba71abdfd5af46468a454858d7e5814e","planning","what_query","What actions could the ego vehicle take based on the vehicle in back camera? Why take this action and what's the probability?","The action is to remain stationary. The reason for this action is to follow the traffic rules, with a high probability.","High.","0.0909","0.0","0.877","4816.3","6","CAM_FRONT; CAM_FRONT_LEFT; CAM_FRONT_RIGHT; CAM_BACK; CAM_BACK_LEFT; CAM_BACK_RIGHT","D_incomplete","3.82"
"0287702725184161af95373198546a59","ba71abdfd5af46468a454858d7e5814e","planning","what_query","What is the probability of colliding with the vehicle in back camera after the ego vehicle goes straight and keeps the same speed?","Low.","Low.","1.0","1.0","1.0","2816.1","6","CAM_FRONT; CAM_FRONT_LEFT; CAM_FRONT_RIGHT; CAM_BACK; CAM_BACK_LEFT; CAM_BACK_RIGHT","","3.82"
"0287702725184161af95373198546a59","ba71abdfd5af46468a454858d7e5814e","planning","yes_no","Is the vehicle in front-left camera an object that the ego vehicle should consider in the current scene?","Yes.","Yes.","1.0","1.0","1.0","2789.4","6","CAM_FRONT; CAM_FRONT_LEFT; CAM_FRONT_RIGHT; CAM_BACK; CAM_BACK_LEFT; CAM_BACK_RIGHT","","3.82"
"0287702725184161af95373198546a59","ba71abdfd5af46468a454858d7e5814e","planning","what_query","What actions could the ego vehicle take based on the vehicle in front-left camera? Why take this action and what's the probability?","The action is to remain stationary. The reason for this action is to follow the traffic rules, which has a high probability.","Low.","0.0","0.0","0.8771","4682.5","6","CAM_FRONT; CAM_FRONT_LEFT; CAM_FRONT_RIGHT; CAM_BACK; CAM_BACK_LEFT; CAM_BACK_RIGHT","D_incomplete","3.82"
"0287702725184161af95373198546a59","ba71abdfd5af46468a454858d7e5814e","planning","what_query","What is the probability of colliding with the vehicle in front-left camera after the ego vehicle goes straight and keeps the same speed?","Low.","Low.","1.0","1.0","1.0","2834.5","6","CAM_FRONT; CAM_FRONT_LEFT; CAM_FRONT_RIGHT; CAM_BACK; CAM_BACK_LEFT; CAM_BACK_RIGHT","","3.82"
"0287702725184161af95373198546a59","ba71abdfd5af46468a454858d7e5814e","planning","what_query","What actions taken by the ego vehicle can lead to a collision with the vehicle in front-left camera?","Slight left turn.","Accelerate and go straight actions taken by the ego vehicle can lead to a collision with the vehicle in front-left camera.","0.08","0.0","0.8489","4443.1","6","CAM_FRONT; CAM_FRONT_LEFT; CAM_FRONT_RIGHT; CAM_BACK; CAM_BACK_LEFT; CAM_BACK_RIGHT","A_hallucination","3.82"
"0287702725184161af95373198546a59","ba71abdfd5af46468a454858d7e5814e","planning","yes_no","Is it necessary for the ego vehicle to take the traffic element in front camera into account?","Yes.","Yes.","1.0","1.0","1.0","2857.0","6","CAM_FRONT; CAM_FRONT_LEFT; CAM_FRONT_RIGHT; CAM_BACK; CAM_BACK_LEFT; CAM_BACK_RIGHT","","3.82"
"0287702725184161af95373198546a59","ba71abdfd5af46468a454858d7e5814e","planning","other_question_type","Based on the traffic element in front camera in this scene, what is the most possible action of the ego vehicle?","Brake gently to a stop.","The most possible action of the ego vehicle is to accelerate and go straight.","0.1053","0.0","0.8444","4004.0","6","CAM_FRONT; CAM_FRONT_LEFT; CAM_FRONT_RIGHT; CAM_BACK; CAM_BACK_LEFT; CAM_BACK_RIGHT","E_planning_error","3.82"
"0287702725184161af95373198546a59","ba71abdfd5af46468a454858d7e5814e","planning","what_query","What is the traffic signal that the ego vehicle should pay attention to?","Red light.","The traffic signal that the ego vehicle should pay attention to is the one in the front left camera.","0.0","0.0","0.8734","3806.2","6","CAM_FRONT; CAM_FRONT_LEFT; CAM_FRONT_RIGHT; CAM_BACK; CAM_BACK_LEFT; CAM_BACK_RIGHT","A_hallucination","3.82"
"0287702725184161af95373198546a59","ba71abdfd5af46468a454858d7e5814e","planning","what_query","What is the target action of the ego vehicle?","Stationary.","The target action of the ego vehicle is to keep going at the same speed. The reason is to maintain a safe distance, which is high.","0.0","0.0","0.8439","4154.0","6","CAM_FRONT; CAM_FRONT_LEFT; CAM_FRONT_RIGHT; CAM_BACK; CAM_BACK_LEFT; CAM_BACK_RIGHT","A_hallucination","3.82"
"0287702725184161af95373198546a59","ba71abdfd5af46468a454858d7e5814e","planning","other_question_type","In this scenario, what are safe actions to take for the ego vehicle?","Brake suddenly, brake gently to a stop, and decelerate gradually without braking are safe actions to take for the ego vehicle in this scenario.","In this scenario, the ego vehicle should maintain a safe distance from the vehicle in front camera. This can be achieved by accelerating and going straight.","0.24","0.0","0.8759","4936.1","6","CAM_FRONT; CAM_FRONT_LEFT; CAM_FRONT_RIGHT; CAM_BACK; CAM_BACK_LEFT; CAM_BACK_RIGHT","E_planning_error","3.82"
"0287702725184161af95373198546a59","ba71abdfd5af46468a454858d7e5814e","planning","other_question_type","In this scenario, what are dangerous actions to take for the ego vehicle?","Accelerate and go ahead, turn left.","High.","0.0","0.0","0.8694","5728.7","6","CAM_FRONT; CAM_FRONT_LEFT; CAM_FRONT_RIGHT; CAM_BACK; CAM_BACK_LEFT; CAM_BACK_RIGHT","D_incomplete","3.82"
"0287702725184161af95373198546a59","ba71abdfd5af46468a454858d7e5814e","planning","what_query","What is the priority of the objects that the ego vehicle should consider?(in descending order)","the vehicle in front camera, the vehicle in front camera, the pedestrian in front camera, the traffic element in front camera, the vehicle in front-left camera, the vehicle in back camera are the objects that the ego vehicle should consider, in descending order of priority.","There are 5 vehicles to the left.","0.1132","0.0","0.8442","3598.0","6","CAM_FRONT; CAM_FRONT_LEFT; CAM_FRONT_RIGHT; CAM_BACK; CAM_BACK_LEFT; CAM_BACK_RIGHT","C_wrong_camera","3.82"
"0287702725184161af95373198546a59","ba71abdfd5af46468a454858d7e5814e","planning","other_question_type","Based on the observation of the traffic element in front camera, what actions may the vehicle in back camera take?","Decelerate gradually until it comes to a stop.","The vehicle in back camera should maintain a safe distance from the ego vehicle.","0.0909","0.0","0.8535","3974.2","6","CAM_FRONT; CAM_FRONT_LEFT; CAM_FRONT_RIGHT; CAM_BACK; CAM_BACK_LEFT; CAM_BACK_RIGHT","E_planning_error","3.82"
"0287702725184161af95373198546a59","ba71abdfd5af46468a454858d7e5814e","planning","what_query","What actions taken by the ego vehicle can lead to a collision with the pedestrian in front camera?","Driving towards the left front can lead to a collision with the pedestrian in front camera.","The ego vehicle is accelerating and going straight.","0.0833","0.0","0.849","3724.6","6","CAM_FRONT; CAM_FRONT_LEFT; CAM_FRONT_RIGHT; CAM_BACK; CAM_BACK_LEFT; CAM_BACK_RIGHT","E_planning_error","3.82"
"0287702725184161af95373198546a59","ba71abdfd5af46468a454858d7e5814e","planning","what_query","What actions taken by the ego vehicle can lead to a collision with the vehicle in front camera?","Driving forward to the left can lead to a collision with the vehicle in front camera.","Accelerate and go straight actions taken by the ego vehicle can lead to a collision with the vehicle in front camera.","0.6486","0.0","0.9226","4448.1","6","CAM_FRONT; CAM_FRONT_LEFT; CAM_FRONT_RIGHT; CAM_BACK; CAM_BACK_LEFT; CAM_BACK_RIGHT","","3.82"
"0287702725184161af95373198546a59","ba71abdfd5af46468a454858d7e5814e","planning","what_query","What actions taken by the ego vehicle can lead to a collision with the vehicle in back camera?","Reversing towards the left rear.","Accelerate and go straight actions taken by the ego vehicle can lead to a collision with the vehicle in back camera.","0.0769","0.0","0.8423","4340.9","6","CAM_FRONT; CAM_FRONT_LEFT; CAM_FRONT_RIGHT; CAM_BACK; CAM_BACK_LEFT; CAM_BACK_RIGHT","A_hallucination","3.82"
"0287702725184161af95373198546a59","ba71abdfd5af46468a454858d7e5814e","planning","what_query","What's your comment on this scene?","The scene is very informative, with complex road conditions, and worthy of special attention.","The scene shows a forest with trees and a road. There are multiple cars on the road, including one in the front left, one in the front right, and two in the back left.","0.2083","0.0","0.8698","5923.9","6","CAM_FRONT; CAM_FRONT_LEFT; CAM_FRONT_RIGHT; CAM_BACK; CAM_BACK_LEFT; CAM_BACK_RIGHT","E_planning_error","3.82"
"0287702725184161af95373198546a59","ba71abdfd5af46468a454858d7e5814e","behavior","ego_behavior_prediction","Predict the behavior of the ego vehicle.","The ego vehicle is going straight. The ego vehicle is not moving.","The ego vehicle is going straight. The ego vehicle is driving fast.","0.8333","0.0","0.9741","3433.1","6","CAM_FRONT; CAM_FRONT_LEFT; CAM_FRONT_RIGHT; CAM_BACK; CAM_BACK_LEFT; CAM_BACK_RIGHT","","3.82"
"02e484442a2f411b971edcf96ebbe885","33292db2389948818ea680a50bea062c","perception","object_enumeration","What are objects to the back left of the ego car?","There are three pedestrians to the back left of the ego car.","There are two cars behind the ego car.","0.5","0.0","0.9421","3159.7","6","CAM_FRONT; CAM_FRONT_LEFT; CAM_FRONT_RIGHT; CAM_BACK; CAM_BACK_LEFT; CAM_BACK_RIGHT","","3.82"
"02e484442a2f411b971edcf96ebbe885","33292db2389948818ea680a50bea062c","perception","status_query","What is the status of the pedestrians that are to the back left of the ego car?","Three pedestrians are moving.","There are many pedestrians and two cars behind the ego car.","0.1333","0.0","0.8961","3500.9","6","CAM_FRONT; CAM_FRONT_LEFT; CAM_FRONT_RIGHT; CAM_BACK; CAM_BACK_LEFT; CAM_BACK_RIGHT","F_other","3.82"
"02e484442a2f411b971edcf96ebbe885","33292db2389948818ea680a50bea062c","perception","object_enumeration","What are objects to the back of the ego car?","There are many cars and two pedestrians behind the ego car.","There are many pedestrians and two cars behind the ego car.","0.8182","0.0","0.9816","3484.1","6","CAM_FRONT; CAM_FRONT_LEFT; CAM_FRONT_RIGHT; CAM_BACK; CAM_BACK_LEFT; CAM_BACK_RIGHT","","3.82"
"02e484442a2f411b971edcf96ebbe885","33292db2389948818ea680a50bea062c","perception","status_query","What is the status of the cars that are to the back of the ego car?","Many cars are parked.","There are two cars behind the ego car.","0.1667","0.0","0.9066","3174.0","6","CAM_FRONT; CAM_FRONT_LEFT; CAM_FRONT_RIGHT; CAM_BACK; CAM_BACK_LEFT; CAM_BACK_RIGHT","F_other","3.82"
"02e484442a2f411b971edcf96ebbe885","33292db2389948818ea680a50bea062c","perception","status_query","What is the status of the pedestrians that are to the back of the ego car?","Two pedestrians are moving.","There are many pedestrians and two cars behind the ego car.","0.1333","0.0","0.8957","3433.6","6","CAM_FRONT; CAM_FRONT_LEFT; CAM_FRONT_RIGHT; CAM_BACK; CAM_BACK_LEFT; CAM_BACK_RIGHT","F_other","3.82"
"02e484442a2f411b971edcf96ebbe885","33292db2389948818ea680a50bea062c","perception","object_enumeration","What are objects to the front of the ego car?","There are three cars and one motorcycle in front of the ego car.","There are two cars and many pedestrians in front of the ego car.","0.7692","0.0","0.9589","3476.8","6","CAM_FRONT; CAM_FRONT_LEFT; CAM_FRONT_RIGHT; CAM_BACK; CAM_BACK_LEFT; CAM_BACK_RIGHT","","3.82"
"02e484442a2f411b971edcf96ebbe885","33292db2389948818ea680a50bea062c","perception","status_query","What is the status of the cars that are to the front of the ego car?","Two of the cars are moving, and one is parked.","There are two cars in front of the ego car.","0.4","0.0","0.8894","3235.8","6","CAM_FRONT; CAM_FRONT_LEFT; CAM_FRONT_RIGHT; CAM_BACK; CAM_BACK_LEFT; CAM_BACK_RIGHT","","3.82"
"02e484442a2f411b971edcf96ebbe885","33292db2389948818ea680a50bea062c","perception","object_enumeration","What are objects to the front right of the ego car?","There are two pedestrians, one traffic cone, and two cars to the front right of the ego car.","There are two cars and a pedestrian to the front right of the ego car.","0.7273","0.0","0.9579","3566.9","6","CAM_FRONT; CAM_FRONT_LEFT; CAM_FRONT_RIGHT; CAM_BACK; CAM_BACK_LEFT; CAM_BACK_RIGHT","","3.82"
"02e484442a2f411b971edcf96ebbe885","33292db2389948818ea680a50bea062c","perception","status_query","What is the status of the pedestrians that are to the front right of the ego car?","Two pedestrians are moving.","There are two pedestrians to the front right of the ego car.","0.25","0.0","0.8961","3507.3","6","CAM_FRONT; CAM_FRONT_LEFT; CAM_FRONT_RIGHT; CAM_BACK; CAM_BACK_LEFT; CAM_BACK_RIGHT","F_other","3.82"
"02e484442a2f411b971edcf96ebbe885","33292db2389948818ea680a50bea062c","perception","status_query","What is the status of the motorcycle that is to the front of the ego car?","One motorcycle is with a rider.","There is a motorcycle parked in front of the ego car.","0.2353","0.0","0.8867","3418.5","6","CAM_FRONT; CAM_FRONT_LEFT; CAM_FRONT_RIGHT; CAM_BACK; CAM_BACK_LEFT; CAM_BACK_RIGHT","F_other","3.82"
"02e484442a2f411b971edcf96ebbe885","33292db2389948818ea680a50bea062c","perception","status_query","What is the status of the cars that are to the front right of the ego car?","One of the cars is moving, and one is parked.","There are two cars behind the ego car.","0.2222","0.0","0.8863","3174.4","6","CAM_FRONT; CAM_FRONT_LEFT; CAM_FRONT_RIGHT; CAM_BACK; CAM_BACK_LEFT; CAM_BACK_RIGHT","F_other","3.82"
"02e484442a2f411b971edcf96ebbe885","33292db2389948818ea680a50bea062c","perception","yes_no","Are there motorcycles without riders to the front of the ego car?","No.","No.","1.0","1.0","1.0","2597.7","6","CAM_FRONT; CAM_FRONT_LEFT; CAM_FRONT_RIGHT; CAM_BACK; CAM_BACK_LEFT; CAM_BACK_RIGHT","","3.82"
"02e484442a2f411b971edcf96ebbe885","33292db2389948818ea680a50bea062c","perception","yes_no","Are there stopped buses to the front of the ego car?","No.","No.","1.0","1.0","1.0","2607.7","6","CAM_FRONT; CAM_FRONT_LEFT; CAM_FRONT_RIGHT; CAM_BACK; CAM_BACK_LEFT; CAM_BACK_RIGHT","","3.82"
"02e484442a2f411b971edcf96ebbe885","33292db2389948818ea680a50bea062c","perception","yes_no","Are there standing pedestrians to the front of the ego car?","No.","Yes.","0.0","0.0","0.9945","2602.9","6","CAM_FRONT; CAM_FRONT_LEFT; CAM_FRONT_RIGHT; CAM_BACK; CAM_BACK_LEFT; CAM_BACK_RIGHT","F_other","3.82"
"02e484442a2f411b971edcf96ebbe885","33292db2389948818ea680a50bea062c","perception","yes_no","Are there moving trucks to the back of the ego car?","No.","Yes.","0.0","0.0","0.9945","2574.8","6","CAM_FRONT; CAM_FRONT_LEFT; CAM_FRONT_RIGHT; CAM_BACK; CAM_BACK_LEFT; CAM_BACK_RIGHT","F_other","3.82"
"02e484442a2f411b971edcf96ebbe885","33292db2389948818ea680a50bea062c","perception","yes_no","Are there traffic cones to the front left of the ego car?","No.","No.","1.0","1.0","1.0","2582.4","6","CAM_FRONT; CAM_FRONT_LEFT; CAM_FRONT_RIGHT; CAM_BACK; CAM_BACK_LEFT; CAM_BACK_RIGHT","","3.82"
"02e484442a2f411b971edcf96ebbe885","33292db2389948818ea680a50bea062c","perception","yes_no","Are there parked trucks to the front left of the ego car?","No.","No.","1.0","1.0","1.0","2560.2","6","CAM_FRONT; CAM_FRONT_LEFT; CAM_FRONT_RIGHT; CAM_BACK; CAM_BACK_LEFT; CAM_BACK_RIGHT","","3.82"
"02e484442a2f411b971edcf96ebbe885","33292db2389948818ea680a50bea062c","perception","yes_no","Are there moving pedestrians to the back of the ego car?","Yes.","Yes.","1.0","1.0","1.0","2602.0","6","CAM_FRONT; CAM_FRONT_LEFT; CAM_FRONT_RIGHT; CAM_BACK; CAM_BACK_LEFT; CAM_BACK_RIGHT","","3.82"
"02e484442a2f411b971edcf96ebbe885","33292db2389948818ea680a50bea062c","perception","yes_no","Are there motorcycles with riders to the front of the ego car?","Yes.","No.","0.0","0.0","0.9945","2591.5","6","CAM_FRONT; CAM_FRONT_LEFT; CAM_FRONT_RIGHT; CAM_BACK; CAM_BACK_LEFT; CAM_BACK_RIGHT","F_other","3.82"
"02e484442a2f411b971edcf96ebbe885","33292db2389948818ea680a50bea062c","perception","yes_no","Are there moving cars to the front of the ego car?","Yes.","Yes.","1.0","1.0","1.0","2584.9","6","CAM_FRONT; CAM_FRONT_LEFT; CAM_FRONT_RIGHT; CAM_BACK; CAM_BACK_LEFT; CAM_BACK_RIGHT","","3.82"
"02e484442a2f411b971edcf96ebbe885","33292db2389948818ea680a50bea062c","perception","yes_no","Are there moving pedestrians to the front right of the ego car?","Yes.","Yes.","1.0","1.0","1.0","2600.6","6","CAM_FRONT; CAM_FRONT_LEFT; CAM_FRONT_RIGHT; CAM_BACK; CAM_BACK_LEFT; CAM_BACK_RIGHT","","3.82"
"02e484442a2f411b971edcf96ebbe885","33292db2389948818ea680a50bea062c","perception","yes_no","Are there parked cars to the front right of the ego car?","Yes.","Yes.","1.0","1.0","1.0","2609.1","6","CAM_FRONT; CAM_FRONT_LEFT; CAM_FRONT_RIGHT; CAM_BACK; CAM_BACK_LEFT; CAM_BACK_RIGHT","","3.82"
"02e484442a2f411b971edcf96ebbe885","33292db2389948818ea680a50bea062c","perception","yes_no","Are there parked cars to the front of the ego car?","Yes.","No.","0.0","0.0","0.9945","2610.9","6","CAM_FRONT; CAM_FRONT_LEFT; CAM_FRONT_RIGHT; CAM_BACK; CAM_BACK_LEFT; CAM_BACK_RIGHT","F_other","3.82"
"02e484442a2f411b971edcf96ebbe885","33292db2389948818ea680a50bea062c","perception","other_question_type","Please describe the current scene.","There is one moving car in front of the ego car, many parked cars behind the ego car, and one motorcycle with a rider in front of the ego car.","The scene is a busy street with a car driving down the road. There are many pedestrians and two cars behind the ego car.","0.3333","0.0","0.8915","5384.4","6","CAM_FRONT; CAM_FRONT_LEFT; CAM_FRONT_RIGHT; CAM_BACK; CAM_BACK_LEFT; CAM_BACK_RIGHT","","3.82"
"02e484442a2f411b971edcf96ebbe885","33292db2389948818ea680a50bea062c","perception","what_query","What is the relative positioning of the important objects in the current scene?","the vehicle in front camera is in front of the cycle or rider in front camera, the vehicle in back camera is behind the cycle or rider in front camera, and the vehicle in front camera is in front of the vehicle in back camera.","The ego car is parked on the side of the road.","0.1786","0.0","0.8479","1716.8","2","CAM_FRONT; CAM_BACK","D_incomplete","3.82"
"02e484442a2f411b971edcf96ebbe885","33292db2389948818ea680a50bea062c","perception","yes_no","Is there any traffic element in the front view?","Yes, there are some traffic elements in the front view.","No.","0.0","0.0","0.905","2563.6","6","CAM_FRONT; CAM_FRONT_LEFT; CAM_FRONT_RIGHT; CAM_BACK; CAM_BACK_LEFT; CAM_BACK_RIGHT","D_incomplete","3.82"
"02e484442a2f411b971edcf96ebbe885","33292db2389948818ea680a50bea062c","perception","planning_other","Identify all the traffic elements in the front view, categorize them, determine their status, and predict the bounding box around each one. The output should be a list formatted as (c, s, x1, y1, x2, y2), where c represents the category, s denotes the status, and x1, y1, x2, y2 are the offsets of the top-left and bottom-right corners of the box relative to the center point.","There are many traffic elements in the front view. The information of these traffic elements is [(traffic light, green, 1245.4, 402.27, 1259.15, 440.64), (traffic light, red, 537.23, 305.16, 577.92, 383.1), (traffic light, green, 532.03, 392.75, 547.77, 419.49), (traffic light, red, 548.35, 388.04, 567.76, 417.89), (traffic light, red, 474.28, 224.11, 514.04, 249.38), (traffic light, green, 914.16, 298.25, 953.7, 315.16), (traffic light, green, 507.43, 308.32, 537.52, 385.4)].","","0.0","0.0","","13073.9","6","CAM_FRONT; CAM_FRONT_LEFT; CAM_FRONT_RIGHT; CAM_BACK; CAM_BACK_LEFT; CAM_BACK_RIGHT","D_incomplete","3.82"
"02e484442a2f411b971edcf96ebbe885","33292db2389948818ea680a50bea062c","perception","which_query","Which lanes are each important object on in the scene?","the cycle or rider in front camera is on the ego lane, the vehicle in back camera is on the ego lane, and the vehicle in front camera is on the ego lane.","Cam Front: Ego Car, Pedestrians, Car in Back. Cam Back: Car in Back, Pedestrians.","0.2128","0.0","0.851","3026.8","2","CAM_FRONT; CAM_BACK","F_other","3.82"
"02e484442a2f411b971edcf96ebbe885","33292db2389948818ea680a50bea062c","perception","what_query","What are the important objects in the current scene? Those objects will be considered for the future reasoning and driving decision.","There is a person riding a motorcycle to the front of the ego vehicle, a silver sedan to the back of the ego vehicle, a blue van to the front of the ego vehicle, and a traffic light to the front of the ego vehicle. The IDs of these objects are the cycle or rider in front camera, the vehicle in back camera, the vehicle in front camera, and the traffic element in front camera.","There are many pedestrians and two cars behind the ego car.","0.093","0.0","0.8319","1990.5","2","CAM_FRONT; CAM_BACK","D_incomplete","3.82"
"02e484442a2f411b971edcf96ebbe885","33292db2389948818ea680a50bea062c","perception","what_query","What is the observed status of the cycle or rider in front camera?","Moving.","The cycle is stationary.","0.0","0.0","0.9013","934.8","1","CAM_FRONT","B_wrong_status","3.82"
"02e484442a2f411b971edcf96ebbe885","33292db2389948818ea680a50bea062c","perception","what_query","What is the moving status of the cycle or rider in front camera?","Going ahead.","Moving.","0.0","0.0","0.9201","760.2","1","CAM_FRONT","F_other","3.82"
"02e484442a2f411b971edcf96ebbe885","33292db2389948818ea680a50bea062c","perception","what_query","What is the observed status of the vehicle in back camera?","Stationary.","Moving.","0.0","0.0","0.9269","754.4","1","CAM_BACK","B_wrong_status","3.82"
"02e484442a2f411b971edcf96ebbe885","33292db2389948818ea680a50bea062c","perception","what_query","What is the observed status of the vehicle in front camera?","Moving.","Moving.","1.0","1.0","1.0","768.1","1","CAM_FRONT","","3.82"
"02e484442a2f411b971edcf96ebbe885","33292db2389948818ea680a50bea062c","perception","what_query","What is the moving status of the vehicle in front camera?","Going ahead.","Moving.","0.0","0.0","0.9201","782.7","1","CAM_FRONT","F_other","3.82"
"02e484442a2f411b971edcf96ebbe885","33292db2389948818ea680a50bea062c","perception","visual_description","What is the visual description of the cycle or rider in front camera?","A person riding a motorcycle.","The cycle is parked on the side of the road.","0.0","0.0","0.9126","1243.0","1","CAM_FRONT","F_other","3.82"
"02e484442a2f411b971edcf96ebbe885","33292db2389948818ea680a50bea062c","perception","visual_description","What is the visual description of the vehicle in back camera?","Silver sedan.","There is a car in the back camera.","0.0","0.0","0.8853","1103.0","1","CAM_BACK","F_other","3.82"
"02e484442a2f411b971edcf96ebbe885","33292db2389948818ea680a50bea062c","perception","visual_description","What is the visual description of the vehicle in front camera?","Blue van.","There is a blue van in front of the camera.","0.3333","0.0","0.914","1169.6","1","CAM_FRONT","","3.82"
"02e484442a2f411b971edcf96ebbe885","33292db2389948818ea680a50bea062c","perception","visual_description","What is the visual description of the traffic element in front camera?","Traffic light.","There is a blue car in front of the camera.","0.0","0.0","0.8837","1129.2","1","CAM_FRONT","F_other","3.82"
"02e484442a2f411b971edcf96ebbe885","33292db2389948818ea680a50bea062c","prediction","yes_no","Is the object in front camera a traffic sign or a road barrier?","No.","No.","1.0","1.0","1.0","704.2","1","CAM_FRONT","","3.82"
"02e484442a2f411b971edcf96ebbe885","33292db2389948818ea680a50bea062c","prediction","which_query","Which object is most likely to be occluded by the cycle or rider in front camera? Would this object affect the ego vehicle? Based on this object, what action of the ego vehicle is dangerous?","None, no, none.","There is a motorcycle in front of the ego vehicle. The motorcycle is most likely to be occluded by the cycle or rider in front camera. This object would affect the ego vehicle's decision-making process. The ego vehicle is moving.","0.0","0.0","0.82","3471.8","1","CAM_FRONT","A_hallucination","3.82"
"02e484442a2f411b971edcf96ebbe885","33292db2389948818ea680a50bea062c","prediction","other_question_type","Would the cycle or rider in front camera be in the moving direction of the ego vehicle?","No.","No.","1.0","1.0","1.0","748.0","1","CAM_FRONT","","3.82"
"02e484442a2f411b971edcf96ebbe885","33292db2389948818ea680a50bea062c","prediction","what_query","What is the future state of the cycle or rider in front camera?","Keep going straight.","The cycle or rider in front camera is moving.","0.0","0.0","0.8594","1146.9","1","CAM_FRONT","F_other","3.82"
"02e484442a2f411b971edcf96ebbe885","33292db2389948818ea680a50bea062c","prediction","yes_no","Is the object in back camera a traffic sign or a road barrier?","No.","There are no traffic signs or road barriers in the back camera view.","0.1429","0.0","0.883","1362.2","1","CAM_BACK","F_other","3.82"
"02e484442a2f411b971edcf96ebbe885","33292db2389948818ea680a50bea062c","prediction","other_question_type","Would the vehicle in back camera be in the moving direction of the ego vehicle?","No.","No.","1.0","1.0","1.0","716.4","1","CAM_BACK","","3.82"
"02e484442a2f411b971edcf96ebbe885","33292db2389948818ea680a50bea062c","prediction","what_query","What is the future state of the vehicle in back camera?","Stationary.","Moving.","0.0","0.0","0.9269","795.2","1","CAM_BACK","B_wrong_status","3.82"
"02e484442a2f411b971edcf96ebbe885","33292db2389948818ea680a50bea062c","prediction","yes_no","Is the object in front camera a traffic sign or a road barrier?","No.","No.","1.0","1.0","1.0","721.9","1","CAM_FRONT","","3.82"
"02e484442a2f411b971edcf96ebbe885","33292db2389948818ea680a50bea062c","prediction","which_query","Which object is most likely to be occluded by the vehicle in front camera? Would this object affect the ego vehicle? Based on this object, what action of the ego vehicle is dangerous?","None, no, none.","There is a traffic light in front camera. The traffic light would be most likely to be occluded by the vehicle in front camera. If the traffic light is red, the ego vehicle should stop. If the traffic light is green, the ego vehicle should proceed with caution.","0.0","0.0","0.8148","3632.6","1","CAM_FRONT","A_hallucination","3.82"
"02e484442a2f411b971edcf96ebbe885","33292db2389948818ea680a50bea062c","prediction","other_question_type","Would the vehicle in front camera be in the moving direction of the ego vehicle?","Yes.","No.","0.0","0.0","0.9945","718.3","1","CAM_FRONT","F_other","3.82"
"02e484442a2f411b971edcf96ebbe885","33292db2389948818ea680a50bea062c","prediction","what_query","What is the future state of the vehicle in front camera?","Keep going straight.","Moving","0.0","0.0","0.8638","730.8","1","CAM_FRONT","D_incomplete","3.82"
"02e484442a2f411b971edcf96ebbe885","33292db2389948818ea680a50bea062c","prediction","yes_no","Is the object in front camera a traffic sign or a road barrier?","Yes.","No.","0.0","0.0","0.9945","716.4","1","CAM_FRONT","F_other","3.82"
"02e484442a2f411b971edcf96ebbe885","33292db2389948818ea680a50bea062c","prediction","other_question_type","Would the traffic element in front camera be in the moving direction of the ego vehicle?","No.","No.","1.0","1.0","1.0","730.2","1","CAM_FRONT","","3.82"
"02e484442a2f411b971edcf96ebbe885","33292db2389948818ea680a50bea062c","prediction","what_query","What does the traffic element in front camera mean?","Please proceed.","There are 2 traffic lights to the left.","0.0","0.0","0.8887","1128.0","1","CAM_FRONT","F_other","3.82"
"02e484442a2f411b971edcf96ebbe885","33292db2389948818ea680a50bea062c","prediction","other_question_type","In this scenario, what object is most likely to consider the traffic element in front camera?","None.","None.","1.0","1.0","1.0","861.2","1","CAM_FRONT","","3.82"
"02e484442a2f411b971edcf96ebbe885","33292db2389948818ea680a50bea062c","prediction","what_query","What object should the ego vehicle notice first when the ego vehicle is getting to the next possible location? What is the state of the object that is first noticed by the ego vehicle and what action should the ego vehicle take? What object should the ego vehicle notice second when the ego vehicle is getting to the next possible location? What is the state of the object perceived by the ego vehicle as second and what action should the ego vehicle take? What object should the ego vehicle notice third? What is the state of the object perceived by the ego vehicle as third and what action should the ego vehicle take?","Firstly, notice that the vehicle in front camera. The object is going ahead, so the ego vehicle should keep going ahead at the same speed. Secondly, notice that the cycle or rider in front camera. The object is going ahead, so the ego vehicle should keep going ahead at the same speed. Thirdly, notice that the vehicle in back camera. The object is going ahead, so the ego vehicle should keep going ahead at the same speed.","There are 3 cars to the right.","0.0238","0.0","0.8414","1532.0","2","CAM_FRONT; CAM_BACK","C_wrong_camera","3.82"
"02e484442a2f411b971edcf96ebbe885","33292db2389948818ea680a50bea062c","prediction","yes_no","Are the object in front camera and the object in front camera traffic signs?","Only one of the boxes is a traffic sign.","No.","0.0","0.0","0.8834","733.1","1","CAM_FRONT","D_incomplete","3.82"
"02e484442a2f411b971edcf96ebbe885","33292db2389948818ea680a50bea062c","prediction","future_state","Will the traffic element in front camera be in the moving direction of the vehicle in front camera?","No.","No.","1.0","1.0","1.0","734.4","1","CAM_FRONT","","3.82"
"02e484442a2f411b971edcf96ebbe885","33292db2389948818ea680a50bea062c","prediction","other_question_type","Would the vehicle in front camera take the traffic element in front camera into account?","No.","No.","1.0","1.0","1.0","780.5","1","CAM_FRONT","","3.82"
"02e484442a2f411b971edcf96ebbe885","33292db2389948818ea680a50bea062c","prediction","what_query","What object would consider the traffic element in front camera to be most relevant to its decision?","None.","There are two traffic lights in front camera.","0.0","0.0","0.8885","1139.9","1","CAM_FRONT","F_other","3.82"
"02e484442a2f411b971edcf96ebbe885","33292db2389948818ea680a50bea062c","prediction","what_query","What object would consider the vehicle in front camera to be most relevant to its decision?","The ego vehicle.","The ego vehicle.","1.0","1.0","1.0","885.1","1","CAM_FRONT","","3.82"
"02e484442a2f411b971edcf96ebbe885","33292db2389948818ea680a50bea062c","prediction","other_question_type","Except for the ego vehicle, what object would consider the vehicle in front camera to be most relevant to its decision?","the cycle or rider in front camera.","None.","0.0","0.0","0.873","732.5","1","CAM_FRONT","D_incomplete","3.82"
"02e484442a2f411b971edcf96ebbe885","33292db2389948818ea680a50bea062c","prediction","yes_no","Are the object in back camera and the object in front camera traffic signs?","Neither is a traffic sign.","No.","0.0","0.0","0.8958","1127.2","2","CAM_BACK; CAM_FRONT","D_incomplete","3.82"
"02e484442a2f411b971edcf96ebbe885","33292db2389948818ea680a50bea062c","prediction","future_state","Will the vehicle in back camera be in the moving direction of the vehicle in front camera?","No.","No.","1.0","1.0","1.0","1089.3","2","CAM_BACK; CAM_FRONT","","3.82"
"02e484442a2f411b971edcf96ebbe885","33292db2389948818ea680a50bea062c","prediction","future_state","Will the vehicle in back camera change its motion state based on the vehicle in front camera?","No.","No.","1.0","1.0","1.0","1100.8","2","CAM_BACK; CAM_FRONT","","3.82"
"02e484442a2f411b971edcf96ebbe885","33292db2389948818ea680a50bea062c","prediction","other_question_type","Based on the observations of the vehicle in front camera, what are possible actions to be taken by the vehicle in back camera? What is the reason?","The action is to keep going at the same speed, the reason is there is no safety issue.","The vehicle in front camera is parked. The vehicle in back camera should proceed with caution, as the parked vehicle might be obstructing the view of other vehicles or pedestrians.","0.1667","0.0","0.8582","3201.7","2","CAM_FRONT; CAM_BACK","A_hallucination","3.82"
"02e484442a2f411b971edcf96ebbe885","33292db2389948818ea680a50bea062c","prediction","what_query","What object would consider the vehicle in back camera to be most relevant to its decision?","None.","There are two cars to the right.","0.0","0.0","0.8979","1049.8","1","CAM_BACK","F_other","3.82"
"02e484442a2f411b971edcf96ebbe885","33292db2389948818ea680a50bea062c","prediction","what_query","What object would consider the vehicle in front camera to be most relevant to its decision?","the cycle or rider in front camera.","The ego vehicle.","0.2","0.0","0.8598","938.5","1","CAM_FRONT","F_other","3.82"
"02e484442a2f411b971edcf96ebbe885","33292db2389948818ea680a50bea062c","prediction","what_query","What kind of traffic sign is the object in front camera?","Traffic light.","There is a traffic sign in the back camera.","0.1818","0.0","0.8867","1184.6","1","CAM_FRONT","F_other","3.82"
"02e484442a2f411b971edcf96ebbe885","33292db2389948818ea680a50bea062c","planning","yes_no","Is the cycle or rider in front camera an object that the ego vehicle should consider in the current scene?","No.","Yes.","0.0","0.0","0.9945","2887.5","6","CAM_FRONT; CAM_FRONT_LEFT; CAM_FRONT_RIGHT; CAM_BACK; CAM_BACK_LEFT; CAM_BACK_RIGHT","E_planning_error","3.82"
"02e484442a2f411b971edcf96ebbe885","33292db2389948818ea680a50bea062c","planning","what_query","What actions could the ego vehicle take based on the cycle or rider in front camera? Why take this action and what's the probability?","The action is to keep going at the same speed. The reason is that there is no safety issue. The probability is high.","Low.","0.0","0.0","0.879","4926.8","6","CAM_FRONT; CAM_FRONT_LEFT; CAM_FRONT_RIGHT; CAM_BACK; CAM_BACK_LEFT; CAM_BACK_RIGHT","D_incomplete","3.82"
"02e484442a2f411b971edcf96ebbe885","33292db2389948818ea680a50bea062c","planning","what_query","What is the probability of colliding with the cycle or rider in front camera after the ego vehicle goes straight and keeps the same speed?","Low.","Low.","1.0","1.0","1.0","2866.4","6","CAM_FRONT; CAM_FRONT_LEFT; CAM_FRONT_RIGHT; CAM_BACK; CAM_BACK_LEFT; CAM_BACK_RIGHT","","3.82"
"02e484442a2f411b971edcf96ebbe885","33292db2389948818ea680a50bea062c","planning","what_query","What actions taken by the ego vehicle can lead to a collision with the cycle or rider in front camera?","Accelerating and going straight.","The ego vehicle is accelerating and going straight.","0.6667","0.0","0.8865","3779.3","6","CAM_FRONT; CAM_FRONT_LEFT; CAM_FRONT_RIGHT; CAM_BACK; CAM_BACK_LEFT; CAM_BACK_RIGHT","","3.82"
"02e484442a2f411b971edcf96ebbe885","33292db2389948818ea680a50bea062c","planning","yes_no","Is the vehicle in back camera an object that the ego vehicle should consider in the current scene?","No.","Yes.","0.0","0.0","0.9945","2863.7","6","CAM_FRONT; CAM_FRONT_LEFT; CAM_FRONT_RIGHT; CAM_BACK; CAM_BACK_LEFT; CAM_BACK_RIGHT","E_planning_error","3.82"
"02e484442a2f411b971edcf96ebbe885","33292db2389948818ea680a50bea062c","planning","what_query","What actions could the ego vehicle take based on the vehicle in back camera? Why take this action and what's the probability?","The action is to keep going at the same speed because there is no safety issue. The probability is high.","High.","0.0952","0.0","0.8785","4861.6","6","CAM_FRONT; CAM_FRONT_LEFT; CAM_FRONT_RIGHT; CAM_BACK; CAM_BACK_LEFT; CAM_BACK_RIGHT","D_incomplete","3.82"
"02e484442a2f411b971edcf96ebbe885","33292db2389948818ea680a50bea062c","planning","what_query","What is the probability of colliding with the vehicle in back camera after the ego vehicle goes straight and keeps the same speed?","Low.","Low.","1.0","1.0","1.0","2787.4","6","CAM_FRONT; CAM_FRONT_LEFT; CAM_FRONT_RIGHT; CAM_BACK; CAM_BACK_LEFT; CAM_BACK_RIGHT","","3.82"
"02e484442a2f411b971edcf96ebbe885","33292db2389948818ea680a50bea062c","planning","what_query","What actions taken by the ego vehicle can lead to a collision with the vehicle in back camera?","Brake suddenly.","Accelerate and go straight actions taken by the ego vehicle can lead to a collision with the vehicle in back camera.","0.0","0.0","0.8333","4316.5","6","CAM_FRONT; CAM_FRONT_LEFT; CAM_FRONT_RIGHT; CAM_BACK; CAM_BACK_LEFT; CAM_BACK_RIGHT","A_hallucination","3.82"
"02e484442a2f411b971edcf96ebbe885","33292db2389948818ea680a50bea062c","planning","yes_no","Is the vehicle in front camera an object that the ego vehicle should consider in the current scene?","No.","Yes.","0.0","0.0","0.9945","2837.7","6","CAM_FRONT; CAM_FRONT_LEFT; CAM_FRONT_RIGHT; CAM_BACK; CAM_BACK_LEFT; CAM_BACK_RIGHT","E_planning_error","3.82"
"02e484442a2f411b971edcf96ebbe885","33292db2389948818ea680a50bea062c","planning","what_query","What actions could the ego vehicle take based on the vehicle in front camera? Why take this action and what's the probability?","The action is to keep going at the same speed, the reason is that there is no safety issue. The probability of this action is high.","High.","0.0741","0.0","0.8711","4448.1","6","CAM_FRONT; CAM_FRONT_LEFT; CAM_FRONT_RIGHT; CAM_BACK; CAM_BACK_LEFT; CAM_BACK_RIGHT","D_incomplete","3.82"
"02e484442a2f411b971edcf96ebbe885","33292db2389948818ea680a50bea062c","planning","what_query","What is the probability of colliding with the vehicle in front camera after the ego vehicle goes straight and keeps the same speed?","Low.","Low.","1.0","1.0","1.0","2861.1","6","CAM_FRONT; CAM_FRONT_LEFT; CAM_FRONT_RIGHT; CAM_BACK; CAM_BACK_LEFT; CAM_BACK_RIGHT","","3.82"
"02e484442a2f411b971edcf96ebbe885","33292db2389948818ea680a50bea062c","planning","what_query","What actions taken by the ego vehicle can lead to a collision with the vehicle in front camera?","Accelerate and go straight.","Accelerate and go straight actions taken by the ego vehicle can lead to a collision with the vehicle in front camera.","0.32","0.0","0.8859","4357.4","6","CAM_FRONT; CAM_FRONT_LEFT; CAM_FRONT_RIGHT; CAM_BACK; CAM_BACK_LEFT; CAM_BACK_RIGHT","","3.82"
"02e484442a2f411b971edcf96ebbe885","33292db2389948818ea680a50bea062c","planning","yes_no","Is it necessary for the ego vehicle to take the traffic element in front camera into account?","No.","Yes.","0.0","0.0","0.9945","2864.4","6","CAM_FRONT; CAM_FRONT_LEFT; CAM_FRONT_RIGHT; CAM_BACK; CAM_BACK_LEFT; CAM_BACK_RIGHT","E_planning_error","3.82"
"02e484442a2f411b971edcf96ebbe885","33292db2389948818ea680a50bea062c","planning","what_query","What is the traffic signal that the ego vehicle should pay attention to?","Green light.","The traffic signal that the ego vehicle should pay attention to is the one in the front left camera view.","0.0","0.0","0.8662","3797.2","6","CAM_FRONT; CAM_FRONT_LEFT; CAM_FRONT_RIGHT; CAM_BACK; CAM_BACK_LEFT; CAM_BACK_RIGHT","A_hallucination","3.82"
"02e484442a2f411b971edcf96ebbe885","33292db2389948818ea680a50bea062c","planning","what_query","What is the target action of the ego vehicle?","Go straight.","The target action of the ego vehicle is to keep going at the same speed. The reason is to maintain a safe distance, which is high.","0.0714","0.0","0.8562","4079.0","6","CAM_FRONT; CAM_FRONT_LEFT; CAM_FRONT_RIGHT; CAM_BACK; CAM_BACK_LEFT; CAM_BACK_RIGHT","A_hallucination","3.82"
"02e484442a2f411b971edcf96ebbe885","33292db2389948818ea680a50bea062c","planning","other_question_type","In this scenario, what are safe actions to take for the ego vehicle?","Keep going at the same speed, decelerate gradually without braking.","In this scenario, the ego vehicle should maintain a safe distance from the vehicle in front camera. This can be achieved by accelerating and going straight.","0.0556","0.0","0.8643","4865.6","6","CAM_FRONT; CAM_FRONT_LEFT; CAM_FRONT_RIGHT; CAM_BACK; CAM_BACK_LEFT; CAM_BACK_RIGHT","A_hallucination","3.82"
"02e484442a2f411b971edcf96ebbe885","33292db2389948818ea680a50bea062c","planning","other_question_type","In this scenario, what are dangerous actions to take for the ego vehicle?","Back up, brake suddenly.","High.","0.0","0.0","0.885","5406.1","6","CAM_FRONT; CAM_FRONT_LEFT; CAM_FRONT_RIGHT; CAM_BACK; CAM_BACK_LEFT; CAM_BACK_RIGHT","D_incomplete","3.82"
"02e484442a2f411b971edcf96ebbe885","33292db2389948818ea680a50bea062c","planning","what_query","What is the priority of the objects that the ego vehicle should consider?(in descending order)","The priority of the objects that the ego vehicle should consider in descending order is the vehicle in front camera, the traffic element in front camera, the cycle or rider in front camera, the vehicle in back camera.","There are 5 vehicles to the left.","0.0889","0.0","0.8456","3580.0","6","CAM_FRONT; CAM_FRONT_LEFT; CAM_FRONT_RIGHT; CAM_BACK; CAM_BACK_LEFT; CAM_BACK_RIGHT","C_wrong_camera","3.82"
"02e484442a2f411b971edcf96ebbe885","33292db2389948818ea680a50bea062c","behavior","ego_behavior_prediction","Predict the behavior of the ego vehicle.","The ego vehicle is going straight. The ego vehicle is driving slowly.","The ego vehicle is going straight. The ego vehicle is driving fast.","0.9167","0.0","0.9914","3462.9","6","CAM_FRONT; CAM_FRONT_LEFT; CAM_FRONT_RIGHT; CAM_BACK; CAM_BACK_LEFT; CAM_BACK_RIGHT","","3.82"
"02e484442a2f411b971edcf96ebbe885","0a571660608e4cd6a30d34b598b35424","perception","object_enumeration","What are objects to the back left of the ego car?","There is one pedestrian and one car to the back left of the ego car.","There are two cars behind the ego car.","0.4348","0.0","0.9366","3198.6","6","CAM_FRONT; CAM_FRONT_LEFT; CAM_FRONT_RIGHT; CAM_BACK; CAM_BACK_LEFT; CAM_BACK_RIGHT","","3.82"
"02e484442a2f411b971edcf96ebbe885","0a571660608e4cd6a30d34b598b35424","perception","status_query","What is the status of the pedestrian that is to the back left of the ego car?","The pedestrian to the back left of the ego car is moving.","Moving.","0.1538","0.0","0.8748","2792.5","6","CAM_FRONT; CAM_FRONT_LEFT; CAM_FRONT_RIGHT; CAM_BACK; CAM_BACK_LEFT; CAM_BACK_RIGHT","D_incomplete","3.82"
"02e484442a2f411b971edcf96ebbe885","0a571660608e4cd6a30d34b598b35424","perception","object_enumeration","What are objects to the front of the ego car?","There are two pedestrians, three cars, and one motorcycle in front of the ego car.","There are two cars and two pedestrians in front of the ego car.","0.7857","0.0","0.9696","3517.4","6","CAM_FRONT; CAM_FRONT_LEFT; CAM_FRONT_RIGHT; CAM_BACK; CAM_BACK_LEFT; CAM_BACK_RIGHT","","3.82"
"02e484442a2f411b971edcf96ebbe885","0a571660608e4cd6a30d34b598b35424","perception","status_query","What is the status of the pedestrians that are to the front of the ego car?","Two pedestrians are moving.","There are many pedestrians and two cars in front of the ego car.","0.1176","0.0","0.8922","3496.7","6","CAM_FRONT; CAM_FRONT_LEFT; CAM_FRONT_RIGHT; CAM_BACK; CAM_BACK_LEFT; CAM_BACK_RIGHT","F_other","3.82"
"02e484442a2f411b971edcf96ebbe885","0a571660608e4cd6a30d34b598b35424","perception","object_enumeration","What are objects to the back of the ego car?","There are many cars, one truck, and one motorcycle behind the ego car.","There are many pedestrians and two cars behind the ego car.","0.6667","0.0","0.9434","3429.9","6","CAM_FRONT; CAM_FRONT_LEFT; CAM_FRONT_RIGHT; CAM_BACK; CAM_BACK_LEFT; CAM_BACK_RIGHT","","3.82"
"02e484442a2f411b971edcf96ebbe885","0a571660608e4cd6a30d34b598b35424","perception","status_query","What is the status of the cars that are to the back of the ego car?","Many cars are moving, and one is parked.","There are two cars behind the ego car.","0.125","0.0","0.8971","3195.0","6","CAM_FRONT; CAM_FRONT_LEFT; CAM_FRONT_RIGHT; CAM_BACK; CAM_BACK_LEFT; CAM_BACK_RIGHT","F_other","3.82"
"02e484442a2f411b971edcf96ebbe885","0a571660608e4cd6a30d34b598b35424","perception","object_enumeration","What are objects to the front left of the ego car?","There are two pedestrians and one truck to the front left of the ego car.","There are two cars and a pedestrian to the front left of the ego car.","0.8","0.0","0.9721","3673.7","6","CAM_FRONT; CAM_FRONT_LEFT; CAM_FRONT_RIGHT; CAM_BACK; CAM_BACK_LEFT; CAM_BACK_RIGHT","","3.82"
"02e484442a2f411b971edcf96ebbe885","0a571660608e4cd6a30d34b598b35424","perception","status_query","What is the status of the pedestrians that are to the front left of the ego car?","Two pedestrians are moving.","There are many pedestrians and two cars behind the ego car.","0.1333","0.0","0.8957","3482.4","6","CAM_FRONT; CAM_FRONT_LEFT; CAM_FRONT_RIGHT; CAM_BACK; CAM_BACK_LEFT; CAM_BACK_RIGHT","F_other","3.82"
"02e484442a2f411b971edcf96ebbe885","0a571660608e4cd6a30d34b598b35424","perception","status_query","What is the status of the cars that are to the front of the ego car?","Two of the cars are moving, and one is parked.","There are two cars in front of the ego car.","0.4","0.0","0.8894","3279.5","6","CAM_FRONT; CAM_FRONT_LEFT; CAM_FRONT_RIGHT; CAM_BACK; CAM_BACK_LEFT; CAM_BACK_RIGHT","","3.82"
"02e484442a2f411b971edcf96ebbe885","0a571660608e4cd6a30d34b598b35424","perception","object_enumeration","What are objects to the front right of the ego car?","There are two pedestrians to the front right of the ego car.","There are two cars and a pedestrian to the front right of the ego car.","0.8889","0.0","0.9717","3622.2","6","CAM_FRONT; CAM_FRONT_LEFT; CAM_FRONT_RIGHT; CAM_BACK; CAM_BACK_LEFT; CAM_BACK_RIGHT","","3.82"
"02e484442a2f411b971edcf96ebbe885","0a571660608e4cd6a30d34b598b35424","perception","status_query","What is the status of the pedestrians that are to the front right of the ego car?","Two pedestrians are moving.","There are two pedestrians to the front right of the ego car.","0.25","0.0","0.8961","3534.9","6","CAM_FRONT; CAM_FRONT_LEFT; CAM_FRONT_RIGHT; CAM_BACK; CAM_BACK_LEFT; CAM_BACK_RIGHT","F_other","3.82"
"02e484442a2f411b971edcf96ebbe885","0a571660608e4cd6a30d34b598b35424","perception","status_query","What is the status of the truck that is to the front left of the ego car?","One truck is moving.","Moving.","0.4","0.0","0.9016","2711.5","6","CAM_FRONT; CAM_FRONT_LEFT; CAM_FRONT_RIGHT; CAM_BACK; CAM_BACK_LEFT; CAM_BACK_RIGHT","","3.82"
"02e484442a2f411b971edcf96ebbe885","0a571660608e4cd6a30d34b598b35424","perception","status_query","What is the status of the motorcycle that is to the front of the ego car?","One motorcycle is with a rider.","Moving.","0.0","0.0","0.8812","2728.1","6","CAM_FRONT; CAM_FRONT_LEFT; CAM_FRONT_RIGHT; CAM_BACK; CAM_BACK_LEFT; CAM_BACK_RIGHT","D_incomplete","3.82"
"02e484442a2f411b971edcf96ebbe885","0a571660608e4cd6a30d34b598b35424","perception","object_enumeration","What are objects to the back right of the ego car?","There are two cars and two traffic cones to the back right of the ego car.","There are two cars behind the ego car.","0.5833","0.0","0.947","3141.0","6","CAM_FRONT; CAM_FRONT_LEFT; CAM_FRONT_RIGHT; CAM_BACK; CAM_BACK_LEFT; CAM_BACK_RIGHT","","3.82"
"02e484442a2f411b971edcf96ebbe885","0a571660608e4cd6a30d34b598b35424","perception","status_query","What is the status of the cars that are to the back right of the ego car?","Two cars are parked.","Moving.","0.0","0.0","0.8957","2781.2","6","CAM_FRONT; CAM_FRONT_LEFT; CAM_FRONT_RIGHT; CAM_BACK; CAM_BACK_LEFT; CAM_BACK_RIGHT","B_wrong_status","3.82"
"02e484442a2f411b971edcf96ebbe885","0a571660608e4cd6a30d34b598b35424","perception","status_query","What is the status of the truck that is to the back of the ego car?","One truck is moving.","Moving.","0.4","0.0","0.9016","2765.3","6","CAM_FRONT; CAM_FRONT_LEFT; CAM_FRONT_RIGHT; CAM_BACK; CAM_BACK_LEFT; CAM_BACK_RIGHT","","3.82"
"02e484442a2f411b971edcf96ebbe885","0a571660608e4cd6a30d34b598b35424","perception","status_query","What is the status of the motorcycle that is to the back of the ego car?","One motorcycle is with a rider.","Moving.","0.0","0.0","0.8812","2786.0","6","CAM_FRONT; CAM_FRONT_LEFT; CAM_FRONT_RIGHT; CAM_BACK; CAM_BACK_LEFT; CAM_BACK_RIGHT","D_incomplete","3.82"
"02e484442a2f411b971edcf96ebbe885","0a571660608e4cd6a30d34b598b35424","perception","status_query","What is the status of the car that is to the back left of the ego car?","One car is parked.","Moving.","0.0","0.0","0.8945","2784.8","6","CAM_FRONT; CAM_FRONT_LEFT; CAM_FRONT_RIGHT; CAM_BACK; CAM_BACK_LEFT; CAM_BACK_RIGHT","B_wrong_status","3.82"
"02e484442a2f411b971edcf96ebbe885","0a571660608e4cd6a30d34b598b35424","perception","yes_no","Are there bicycles with riders to the front right of the ego car?","No.","No.","1.0","1.0","1.0","2611.6","6","CAM_FRONT; CAM_FRONT_LEFT; CAM_FRONT_RIGHT; CAM_BACK; CAM_BACK_LEFT; CAM_BACK_RIGHT","","3.82"
"02e484442a2f411b971edcf96ebbe885","0a571660608e4cd6a30d34b598b35424","perception","yes_no","Are there motorcycles with riders to the front of the ego car?","Yes.","No.","0.0","0.0","0.9945","2606.7","6","CAM_FRONT; CAM_FRONT_LEFT; CAM_FRONT_RIGHT; CAM_BACK; CAM_BACK_LEFT; CAM_BACK_RIGHT","F_other","3.82"
"02e484442a2f411b971edcf96ebbe885","0a571660608e4cd6a30d34b598b35424","perception","yes_no","Are there motorcycles with riders to the back of the ego car?","Yes.","No.","0.0","0.0","0.9945","2604.5","6","CAM_FRONT; CAM_FRONT_LEFT; CAM_FRONT_RIGHT; CAM_BACK; CAM_BACK_LEFT; CAM_BACK_RIGHT","F_other","3.82"
"02e484442a2f411b971edcf96ebbe885","0a571660608e4cd6a30d34b598b35424","perception","yes_no","Are there moving cars to the back of the ego car?","Yes.","Yes.","1.0","1.0","1.0","2626.4","6","CAM_FRONT; CAM_FRONT_LEFT; CAM_FRONT_RIGHT; CAM_BACK; CAM_BACK_LEFT; CAM_BACK_RIGHT","","3.82"
"02e484442a2f411b971edcf96ebbe885","0a571660608e4cd6a30d34b598b35424","perception","yes_no","Are there parked cars to the back of the ego car?","Yes.","Yes.","1.0","1.0","1.0","2601.8","6","CAM_FRONT; CAM_FRONT_LEFT; CAM_FRONT_RIGHT; CAM_BACK; CAM_BACK_LEFT; CAM_BACK_RIGHT","","3.82"
"02e484442a2f411b971edcf96ebbe885","0a571660608e4cd6a30d34b598b35424","perception","yes_no","Are there traffic cones to the back right of the ego car?","Yes.","No.","0.0","0.0","0.9945","2604.9","6","CAM_FRONT; CAM_FRONT_LEFT; CAM_FRONT_RIGHT; CAM_BACK; CAM_BACK_LEFT; CAM_BACK_RIGHT","F_other","3.82"
"02e484442a2f411b971edcf96ebbe885","0a571660608e4cd6a30d34b598b35424","perception","yes_no","Are there moving pedestrians to the front right of the ego car?","Yes.","Yes.","1.0","1.0","1.0","2611.4","6","CAM_FRONT; CAM_FRONT_LEFT; CAM_FRONT_RIGHT; CAM_BACK; CAM_BACK_LEFT; CAM_BACK_RIGHT","","3.82"
"02e484442a2f411b971edcf96ebbe885","0a571660608e4cd6a30d34b598b35424","perception","yes_no","Are there moving cars to the front of the ego car?","Yes.","Yes.","1.0","1.0","1.0","2600.7","6","CAM_FRONT; CAM_FRONT_LEFT; CAM_FRONT_RIGHT; CAM_BACK; CAM_BACK_LEFT; CAM_BACK_RIGHT","","3.82"
"02e484442a2f411b971edcf96ebbe885","0a571660608e4cd6a30d34b598b35424","perception","yes_no","Are there moving trucks to the back of the ego car?","Yes.","Yes.","1.0","1.0","1.0","2607.6","6","CAM_FRONT; CAM_FRONT_LEFT; CAM_FRONT_RIGHT; CAM_BACK; CAM_BACK_LEFT; CAM_BACK_RIGHT","","3.82"
"02e484442a2f411b971edcf96ebbe885","0a571660608e4cd6a30d34b598b35424","perception","yes_no","Are there parked cars to the back left of the ego car?","Yes.","Yes.","1.0","1.0","1.0","2619.2","6","CAM_FRONT; CAM_FRONT_LEFT; CAM_FRONT_RIGHT; CAM_BACK; CAM_BACK_LEFT; CAM_BACK_RIGHT","","3.82"
"02e484442a2f411b971edcf96ebbe885","0a571660608e4cd6a30d34b598b35424","perception","yes_no","Are there parked cars to the front of the ego car?","Yes.","No.","0.0","0.0","0.9945","2607.4","6","CAM_FRONT; CAM_FRONT_LEFT; CAM_FRONT_RIGHT; CAM_BACK; CAM_BACK_LEFT; CAM_BACK_RIGHT","F_other","3.82"
"02e484442a2f411b971edcf96ebbe885","0a571660608e4cd6a30d34b598b35424","perception","other_question_type","Please describe the current scene.","There is one moving car in front of the ego car, three moving cars behind the ego car, one parked car in front of the ego car, one parked car behind the ego car, one motorcycle with a rider in front of the ego car, and one moving pedestrian in front of the ego car.","The scene is a busy city street with multiple pedestrians and vehicles. There are two cars behind the ego car, and many pedestrians are standing and moving.","0.1951","0.0","0.8592","5985.5","6","CAM_FRONT; CAM_FRONT_LEFT; CAM_FRONT_RIGHT; CAM_BACK; CAM_BACK_LEFT; CAM_BACK_RIGHT","B_wrong_status","3.82"
"02e484442a2f411b971edcf96ebbe885","0a571660608e4cd6a30d34b598b35424","perception","what_query","What is the relative positioning of the important objects in the current scene?","the cycle or rider in front camera is in front of the pedestrian in back-left camera, the vehicle in front camera is in front of the pedestrian in back-left camera, the vehicle in back-right camera is on the back right of the pedestrian in back-left camera, the vehicle in back camera is on the back right of the pedestrian in back-left camera, the vehicle in front camera is in front of the cycle or rider in front camera, the vehicle in back-right camera is on the back of the cycle or rider in front camera, the vehicle in back camera is on the back of the cycle or rider in front camera, the vehicle in front camera is in front of the vehicle in back-right camera, the vehicle in back camera is on the back left of the vehicle in back-right camera and the vehicle in back camera is on the back of the vehicle in front camera.","The ego car is in the front, and there are many pedestrians and two cars behind it.","0.0765","0.0","0.8201","3298.6","4","CAM_FRONT; CAM_BACK_LEFT; CAM_BACK_RIGHT; CAM_BACK","C_wrong_camera","3.82"
"02e484442a2f411b971edcf96ebbe885","0a571660608e4cd6a30d34b598b35424","perception","yes_no","Is there any traffic element in the front view?","No, there are no traffic elements in the front view.","Yes.","0.0","0.0","0.9059","2543.9","6","CAM_FRONT; CAM_FRONT_LEFT; CAM_FRONT_RIGHT; CAM_BACK; CAM_BACK_LEFT; CAM_BACK_RIGHT","D_incomplete","3.82"
"02e484442a2f411b971edcf96ebbe885","0a571660608e4cd6a30d34b598b35424","perception","which_query","Which lanes are each important object on in the scene?","the vehicle in back camera is in the ego lane.","Cam Back.","0.1667","0.0","0.859","749.4","1","CAM_BACK","D_incomplete","3.82"
"02e484442a2f411b971edcf96ebbe885","0a571660608e4cd6a30d34b598b35424","perception","what_query","What are the important objects in the current scene? Those objects will be considered for the future reasoning and driving decision.","There is a people crossing the road to the back left of the ego vehicle, a person riding a motorcycle to the front of the ego vehicle, a silver gray sedan to the back right of the ego vehicle, a blue commercial vehicle to the front of the ego vehicle, and a silver gray sedan to the back of the ego vehicle. The IDs of these objects are the pedestrian in back-left camera, the cycle or rider in front camera, the vehicle in back-right camera, the vehicle in front camera, and the vehicle in back camera.","There are many pedestrians and two cars behind the ego car.","0.0917","0.0","0.835","2621.7","4","CAM_BACK_LEFT; CAM_FRONT; CAM_BACK_RIGHT; CAM_BACK","D_incomplete","3.82"
"02e484442a2f411b971edcf96ebbe885","0a571660608e4cd6a30d34b598b35424","perception","what_query","What is the observed status of the pedestrian in back-left camera?","Moving.","Moving.","1.0","1.0","1.0","871.4","1","CAM_BACK_LEFT","","3.82"
"02e484442a2f411b971edcf96ebbe885","0a571660608e4cd6a30d34b598b35424","perception","what_query","What is the moving status of the pedestrian in back-left camera?","Going ahead.","Moving.","0.0","0.0","0.9201","831.5","1","CAM_BACK_LEFT","F_other","3.82"
"02e484442a2f411b971edcf96ebbe885","0a571660608e4cd6a30d34b598b35424","perception","what_query","What is the observed status of the cycle or rider in front camera?","Moving.","Moving.","1.0","1.0","1.0","868.4","1","CAM_FRONT","","3.82"
"02e484442a2f411b971edcf96ebbe885","0a571660608e4cd6a30d34b598b35424","perception","what_query","What is the moving status of the cycle or rider in front camera?","Going ahead.","Moving.","0.0","0.0","0.9201","857.8","1","CAM_FRONT","F_other","3.82"
"02e484442a2f411b971edcf96ebbe885","0a571660608e4cd6a30d34b598b35424","perception","what_query","What is the observed status of the vehicle in back-right camera?","Moving.","Moving.","1.0","1.0","1.0","859.9","1","CAM_BACK_RIGHT","","3.82"
"02e484442a2f411b971edcf96ebbe885","0a571660608e4cd6a30d34b598b35424","perception","what_query","What is the moving status of the vehicle in back-right camera?","Going ahead.","Moving.","0.0","0.0","0.9201","852.9","1","CAM_BACK_RIGHT","F_other","3.82"
"02e484442a2f411b971edcf96ebbe885","0a571660608e4cd6a30d34b598b35424","perception","what_query","What is the observed status of the vehicle in front camera?","Stationary.","Moving.","0.0","0.0","0.9269","819.0","1","CAM_FRONT","B_wrong_status","3.82"
"02e484442a2f411b971edcf96ebbe885","0a571660608e4cd6a30d34b598b35424","perception","what_query","What is the observed status of the vehicle in back camera?","Moving.","Moving.","1.0","1.0","1.0","808.4","1","CAM_BACK","","3.82"
"02e484442a2f411b971edcf96ebbe885","0a571660608e4cd6a30d34b598b35424","perception","what_query","What is the moving status of the vehicle in back camera?","Going ahead.","Moving.","0.0","0.0","0.9201","774.8","1","CAM_BACK","F_other","3.82"
"02e484442a2f411b971edcf96ebbe885","0a571660608e4cd6a30d34b598b35424","perception","visual_description","What is the visual description of the pedestrian in back-left camera?","The visual description of the pedestrian in back-left camera is people crossing the road.","There is a woman walking on the street.","0.1739","0.0","0.8882","1118.6","1","CAM_BACK_LEFT","F_other","3.82"
"02e484442a2f411b971edcf96ebbe885","0a571660608e4cd6a30d34b598b35424","perception","visual_description","What is the visual description of the cycle or rider in front camera?","The visual description of the cycle or rider in front camera is a person riding a motorcycle.","There is a motorcycle rider in front of the ego car.","0.2143","0.0","0.8721","1536.4","1","CAM_FRONT","F_other","3.82"
"02e484442a2f411b971edcf96ebbe885","0a571660608e4cd6a30d34b598b35424","perception","visual_description","What is the visual description of the vehicle in back-right camera?","Silver gray sedan.","Moving.","0.0","0.0","0.8962","813.6","1","CAM_BACK_RIGHT","D_incomplete","3.82"
"02e484442a2f411b971edcf96ebbe885","0a571660608e4cd6a30d34b598b35424","perception","visual_description","What is the visual description of the vehicle in front camera?","Blue commercial vehicle.","There is a car in front of the camera.","0.0","0.0","0.8896","1203.6","1","CAM_FRONT","F_other","3.82"
"02e484442a2f411b971edcf96ebbe885","0a571660608e4cd6a30d34b598b35424","perception","visual_description","What is the visual description of the vehicle in back camera?","Silver gray sedan.","Moving.","0.0","0.0","0.8962","871.4","1","CAM_BACK","D_incomplete","3.82"
"02e484442a2f411b971edcf96ebbe885","0a571660608e4cd6a30d34b598b35424","prediction","yes_no","Is the object in back-left camera a traffic sign or a road barrier?","No.","There are two traffic signs in the back-left camera.","0.0","0.0","0.8876","1368.9","1","CAM_BACK_LEFT","F_other","3.82"
"02e484442a2f411b971edcf96ebbe885","0a571660608e4cd6a30d34b598b35424","prediction","which_query","Which object is most likely to be occluded by the pedestrian in back-left camera? Would this object affect the ego vehicle? Based on this object, what action of the ego vehicle is dangerous?","None, no, none.","There is a person walking in the crosswalk. The ego vehicle should stop to avoid hitting the pedestrian.","0.0","0.0","0.8246","1941.7","1","CAM_BACK_LEFT","A_hallucination","3.82"
"02e484442a2f411b971edcf96ebbe885","0a571660608e4cd6a30d34b598b35424","prediction","other_question_type","Would the pedestrian in back-left camera be in the moving direction of the ego vehicle?","No.","No.","1.0","1.0","1.0","744.2","1","CAM_BACK_LEFT","","3.82"
"02e484442a2f411b971edcf96ebbe885","0a571660608e4cd6a30d34b598b35424","prediction","what_query","What is the future state of the pedestrian in back-left camera?","Keep going straight.","The pedestrian in the back-left camera is walking across the street.","0.0","0.0","0.8585","1456.9","1","CAM_BACK_LEFT","F_other","3.82"
"02e484442a2f411b971edcf96ebbe885","0a571660608e4cd6a30d34b598b35424","prediction","yes_no","Is the object in front camera a traffic sign or a road barrier?","No.","No.","1.0","1.0","1.0","722.9","1","CAM_FRONT","","3.82"
"02e484442a2f411b971edcf96ebbe885","0a571660608e4cd6a30d34b598b35424","prediction","which_query","Which object is most likely to be occluded by the cycle or rider in front camera? Would this object affect the ego vehicle? Based on this object, what action of the ego vehicle is dangerous?","None, no, none.","There is a motorcycle and a rider in front camera. The motorcycle and rider are most likely to be occluded by the cycle or rider in front camera.","0.0","0.0","0.8133","6488.7","1","CAM_FRONT","A_hallucination","3.82"
"02e484442a2f411b971edcf96ebbe885","0a571660608e4cd6a30d34b598b35424","prediction","other_question_type","Would the cycle or rider in front camera be in the moving direction of the ego vehicle?","No.","No.","1.0","1.0","1.0","712.0","1","CAM_FRONT","","3.82"
"02e484442a2f411b971edcf96ebbe885","0a571660608e4cd6a30d34b598b35424","prediction","what_query","What is the future state of the cycle or rider in front camera?","Keep going straight.","Moving","0.0","0.0","0.8638","711.7","1","CAM_FRONT","D_incomplete","3.82"
"02e484442a2f411b971edcf96ebbe885","0a571660608e4cd6a30d34b598b35424","prediction","yes_no","Is the object in back-right camera a traffic sign or a road barrier?","No.","There are two traffic lights in the image.","0.0","0.0","0.8907","1055.2","1","CAM_BACK_RIGHT","F_other","3.82"
"02e484442a2f411b971edcf96ebbe885","0a571660608e4cd6a30d34b598b35424","prediction","which_query","Which object is most likely to be occluded by the vehicle in back-right camera? Would this object affect the ego vehicle? Based on this object, what action of the ego vehicle is dangerous?","None, no, none.","There is a traffic light in front of the ego vehicle. The traffic light is most likely to be occluded by the vehicle in back-right camera.","0.0","0.0","0.8205","5444.2","1","CAM_BACK_RIGHT","A_hallucination","3.82"
"02e484442a2f411b971edcf96ebbe885","0a571660608e4cd6a30d34b598b35424","prediction","other_question_type","Would the vehicle in back-right camera be in the moving direction of the ego vehicle?","No.","No.","1.0","1.0","1.0","734.5","1","CAM_BACK_RIGHT","","3.82"
"02e484442a2f411b971edcf96ebbe885","0a571660608e4cd6a30d34b598b35424","prediction","what_query","What is the future state of the vehicle in back-right camera?","Keep going straight.","Moving.","0.0","0.0","0.9134","761.1","1","CAM_BACK_RIGHT","D_incomplete","3.82"
"02e484442a2f411b971edcf96ebbe885","0a571660608e4cd6a30d34b598b35424","prediction","yes_no","Is the object in front camera a traffic sign or a road barrier?","No.","No.","1.0","1.0","1.0","712.4","1","CAM_FRONT","","3.82"
"02e484442a2f411b971edcf96ebbe885","0a571660608e4cd6a30d34b598b35424","prediction","other_question_type","Would the vehicle in front camera be in the moving direction of the ego vehicle?","No.","No.","1.0","1.0","1.0","708.5","1","CAM_FRONT","","3.82"
"02e484442a2f411b971edcf96ebbe885","0a571660608e4cd6a30d34b598b35424","prediction","what_query","What is the future state of the vehicle in front camera?","Stationary.","Moving.","0.0","0.0","0.9269","759.0","1","CAM_FRONT","B_wrong_status","3.82"
"02e484442a2f411b971edcf96ebbe885","0a571660608e4cd6a30d34b598b35424","prediction","yes_no","Is the object in back camera a traffic sign or a road barrier?","No.","There are two traffic lights to the right.","0.0","0.0","0.8983","1065.2","1","CAM_BACK","F_other","3.82"
"02e484442a2f411b971edcf96ebbe885","0a571660608e4cd6a30d34b598b35424","prediction","which_query","Which object is most likely to be occluded by the vehicle in back camera? Would this object affect the ego vehicle? Based on this object, what action of the ego vehicle is dangerous?","None, no, none.","There is a tree in front of the vehicle in the back camera. The ego vehicle is moving.","0.0","0.0","0.8347","3790.0","1","CAM_BACK","A_hallucination","3.82"
"02e484442a2f411b971edcf96ebbe885","0a571660608e4cd6a30d34b598b35424","prediction","other_question_type","Would the vehicle in back camera be in the moving direction of the ego vehicle?","Yes.","No.","0.0","0.0","0.9945","750.7","1","CAM_BACK","F_other","3.82"
"02e484442a2f411b971edcf96ebbe885","0a571660608e4cd6a30d34b598b35424","prediction","what_query","What is the future state of the vehicle in back camera?","Keep going straight.","Moving.","0.0","0.0","0.9134","789.7","1","CAM_BACK","D_incomplete","3.82"
"02e484442a2f411b971edcf96ebbe885","0a571660608e4cd6a30d34b598b35424","prediction","what_query","What object should the ego vehicle notice first when the ego vehicle is getting to the next possible location? What is the state of the object that is first noticed by the ego vehicle and what action should the ego vehicle take? What object should the ego vehicle notice second when the ego vehicle is getting to the next possible location? What is the state of the object perceived by the ego vehicle as second and what action should the ego vehicle take? What object should the ego vehicle notice third? What is the state of the object perceived by the ego vehicle as third and what action should the ego vehicle take?","Firstly notice that the pedestrian in back-left camera, the object is going ahead, so the ego vehicle should keep going ahead at the same speed. Secondly, notice that the vehicle in back camera, the object is going ahead, so the ego vehicle should keep going ahead at the same speed. Thirdly, notice that the cycle or rider in front camera, the object is going ahead, so the ego vehicle should keep going ahead at the same speed.","There are 3 motorcycles to the right.","0.0235","0.0","0.8378","1907.7","3","CAM_BACK_LEFT; CAM_BACK; CAM_FRONT","C_wrong_camera","3.82"
"02e484442a2f411b971edcf96ebbe885","0a571660608e4cd6a30d34b598b35424","prediction","yes_no","Are the object in back camera and the object in back-right camera traffic signs?","Neither is a traffic sign.","No.","0.0","0.0","0.8958","1094.4","2","CAM_BACK; CAM_BACK_RIGHT","D_incomplete","3.82"
"02e484442a2f411b971edcf96ebbe885","0a571660608e4cd6a30d34b598b35424","prediction","future_state","Will the vehicle in back camera be in the moving direction of the vehicle in back-right camera?","No.","No.","1.0","1.0","1.0","1107.3","2","CAM_BACK; CAM_BACK_RIGHT","","3.82"
"02e484442a2f411b971edcf96ebbe885","0a571660608e4cd6a30d34b598b35424","prediction","future_state","Will the vehicle in back camera change its motion state based on the vehicle in back-right camera?","No.","No.","1.0","1.0","1.0","1098.5","2","CAM_BACK; CAM_BACK_RIGHT","","3.82"
"02e484442a2f411b971edcf96ebbe885","0a571660608e4cd6a30d34b598b35424","prediction","other_question_type","Based on the observations of the vehicle in back-right camera, what are possible actions to be taken by the vehicle in back camera? What is the reason?","The action is to keep going at the same speed, the reason is that there is no safety issue.","The vehicle in back-right camera is moving. The possible actions to be taken by the vehicle in back camera are to slow down, stop, or change lanes to avoid a collision with the moving vehicle. The reason is to ensure the safety of the passengers and other road users.","0.2319","0.0","0.869","4286.0","2","CAM_BACK_RIGHT; CAM_BACK","F_other","3.82"
"02e484442a2f411b971edcf96ebbe885","0a571660608e4cd6a30d34b598b35424","prediction","what_query","What object would consider the vehicle in back camera to be most relevant to its decision?","None.","There are two cars to the right.","0.0","0.0","0.8979","1066.4","1","CAM_BACK","F_other","3.82"
"02e484442a2f411b971edcf96ebbe885","0a571660608e4cd6a30d34b598b35424","prediction","what_query","What object would consider the vehicle in back-right camera to be most relevant to its decision?","None.","There are two traffic lights to the right.","0.0","0.0","0.8995","1213.5","1","CAM_BACK_RIGHT","F_other","3.82"
"02e484442a2f411b971edcf96ebbe885","0a571660608e4cd6a30d34b598b35424","prediction","yes_no","Are the object in front camera and the object in back-right camera traffic signs?","Neither is a traffic sign.","No.","0.0","0.0","0.8958","1095.3","2","CAM_FRONT; CAM_BACK_RIGHT","D_incomplete","3.82"
"02e484442a2f411b971edcf96ebbe885","0a571660608e4cd6a30d34b598b35424","prediction","future_state","Will the vehicle in front camera be in the moving direction of the vehicle in back-right camera?","No.","No.","1.0","1.0","1.0","1074.6","2","CAM_FRONT; CAM_BACK_RIGHT","","3.82"
"02e484442a2f411b971edcf96ebbe885","0a571660608e4cd6a30d34b598b35424","prediction","future_state","Will the vehicle in front camera change its motion state based on the vehicle in back-right camera?","No.","No.","1.0","1.0","1.0","1099.7","2","CAM_FRONT; CAM_BACK_RIGHT","","3.82"
"02e484442a2f411b971edcf96ebbe885","0a571660608e4cd6a30d34b598b35424","prediction","other_question_type","Based on the observations of the vehicle in back-right camera, what are possible actions to be taken by the vehicle in front camera? What is the reason?","The action is none, the reason is there is no safety issue.","The vehicle in front camera is moving.","0.2105","0.0","0.8537","1448.5","2","CAM_BACK_RIGHT; CAM_FRONT","F_other","3.82"
"02e484442a2f411b971edcf96ebbe885","0a571660608e4cd6a30d34b598b35424","prediction","what_query","What object would consider the vehicle in front camera to be most relevant to its decision?","The ego vehicle.","The ego vehicle.","1.0","1.0","1.0","871.8","1","CAM_FRONT","","3.82"
"02e484442a2f411b971edcf96ebbe885","0a571660608e4cd6a30d34b598b35424","prediction","other_question_type","Except for the ego vehicle, what object would consider the vehicle in front camera to be most relevant to its decision?","the vehicle in back camera.","None.","0.0","0.0","0.8901","1089.2","2","CAM_FRONT; CAM_BACK","D_incomplete","3.82"
"02e484442a2f411b971edcf96ebbe885","0a571660608e4cd6a30d34b598b35424","prediction","what_query","What object would consider the vehicle in back-right camera to be most relevant to its decision?","None.","There are two traffic lights to the right.","0.0","0.0","0.8995","1215.6","1","CAM_BACK_RIGHT","F_other","3.82"
"02e484442a2f411b971edcf96ebbe885","0a571660608e4cd6a30d34b598b35424","planning","yes_no","Is the pedestrian in back-left camera an object that the ego vehicle should consider in the current scene?","Yes.","Yes.","1.0","1.0","1.0","2924.2","6","CAM_FRONT; CAM_FRONT_LEFT; CAM_FRONT_RIGHT; CAM_BACK; CAM_BACK_LEFT; CAM_BACK_RIGHT","","3.82"
"02e484442a2f411b971edcf96ebbe885","0a571660608e4cd6a30d34b598b35424","planning","what_query","What actions could the ego vehicle take based on the pedestrian in back-left camera? Why take this action and what's the probability?","The action is to keep going at the same speed. The reason is that there is no safety issue, which has a high probability.","Low.","0.0","0.0","0.8738","6386.4","6","CAM_FRONT; CAM_FRONT_LEFT; CAM_FRONT_RIGHT; CAM_BACK; CAM_BACK_LEFT; CAM_BACK_RIGHT","D_incomplete","3.82"
"02e484442a2f411b971edcf96ebbe885","0a571660608e4cd6a30d34b598b35424","planning","what_query","What is the probability of colliding with the pedestrian in back-left camera after the ego vehicle goes straight and keeps the same speed?","Low.","Low.","1.0","1.0","1.0","2863.2","6","CAM_FRONT; CAM_FRONT_LEFT; CAM_FRONT_RIGHT; CAM_BACK; CAM_BACK_LEFT; CAM_BACK_RIGHT","","3.82"
"02e484442a2f411b971edcf96ebbe885","0a571660608e4cd6a30d34b598b35424","planning","yes_no","Is the cycle or rider in front camera an object that the ego vehicle should consider in the current scene?","Yes.","Yes.","1.0","1.0","1.0","2878.2","6","CAM_FRONT; CAM_FRONT_LEFT; CAM_FRONT_RIGHT; CAM_BACK; CAM_BACK_LEFT; CAM_BACK_RIGHT","","3.82"
"02e484442a2f411b971edcf96ebbe885","0a571660608e4cd6a30d34b598b35424","planning","what_query","What actions could the ego vehicle take based on the cycle or rider in front camera? Why take this action and what's the probability?","The action is to keep going at the same speed. The reason is that there is no safety issue, and the probability is high.","Low.","0.0","0.0","0.8745","4742.2","6","CAM_FRONT; CAM_FRONT_LEFT; CAM_FRONT_RIGHT; CAM_BACK; CAM_BACK_LEFT; CAM_BACK_RIGHT","D_incomplete","3.82"
"02e484442a2f411b971edcf96ebbe885","0a571660608e4cd6a30d34b598b35424","planning","what_query","What is the probability of colliding with the cycle or rider in front camera after the ego vehicle goes straight and keeps the same speed?","Low.","Low.","1.0","1.0","1.0","2812.3","6","CAM_FRONT; CAM_FRONT_LEFT; CAM_FRONT_RIGHT; CAM_BACK; CAM_BACK_LEFT; CAM_BACK_RIGHT","","3.82"
"02e484442a2f411b971edcf96ebbe885","0a571660608e4cd6a30d34b598b35424","planning","what_query","What actions taken by the ego vehicle can lead to a collision with the cycle or rider in front camera?","Accelerating and going straight.","The ego vehicle is accelerating and going straight.","0.6667","0.0","0.8865","3641.1","6","CAM_FRONT; CAM_FRONT_LEFT; CAM_FRONT_RIGHT; CAM_BACK; CAM_BACK_LEFT; CAM_BACK_RIGHT","","3.82"
"02e484442a2f411b971edcf96ebbe885","0a571660608e4cd6a30d34b598b35424","planning","yes_no","Is the vehicle in back-right camera an object that the ego vehicle should consider in the current scene?","No.","Yes.","0.0","0.0","0.9945","2843.7","6","CAM_FRONT; CAM_FRONT_LEFT; CAM_FRONT_RIGHT; CAM_BACK; CAM_BACK_LEFT; CAM_BACK_RIGHT","E_planning_error","3.82"
"02e484442a2f411b971edcf96ebbe885","0a571660608e4cd6a30d34b598b35424","planning","what_query","What actions could the ego vehicle take based on the vehicle in back-right camera? Why take this action and what's the probability?","The action is to keep going at the same speed. The reason is that there is no safety issue, with a high probability.","Low.","0.0","0.0","0.8757","4757.5","6","CAM_FRONT; CAM_FRONT_LEFT; CAM_FRONT_RIGHT; CAM_BACK; CAM_BACK_LEFT; CAM_BACK_RIGHT","D_incomplete","3.82"
"02e484442a2f411b971edcf96ebbe885","0a571660608e4cd6a30d34b598b35424","planning","what_query","What is the probability of colliding with the vehicle in back-right camera after the ego vehicle goes straight and keeps the same speed?","Low.","Low.","1.0","1.0","1.0","2866.7","6","CAM_FRONT; CAM_FRONT_LEFT; CAM_FRONT_RIGHT; CAM_BACK; CAM_BACK_LEFT; CAM_BACK_RIGHT","","3.82"
"02e484442a2f411b971edcf96ebbe885","0a571660608e4cd6a30d34b598b35424","planning","yes_no","Is the vehicle in front camera an object that the ego vehicle should consider in the current scene?","Yes.","Yes.","1.0","1.0","1.0","2852.2","6","CAM_FRONT; CAM_FRONT_LEFT; CAM_FRONT_RIGHT; CAM_BACK; CAM_BACK_LEFT; CAM_BACK_RIGHT","","3.82"
"02e484442a2f411b971edcf96ebbe885","0a571660608e4cd6a30d34b598b35424","planning","what_query","What actions could the ego vehicle take based on the vehicle in front camera? Why take this action and what's the probability?","The action is to keep going at the same speed, the reason is there is no safety issue, high.","Low.","0.0","0.0","0.8779","4709.4","6","CAM_FRONT; CAM_FRONT_LEFT; CAM_FRONT_RIGHT; CAM_BACK; CAM_BACK_LEFT; CAM_BACK_RIGHT","D_incomplete","3.82"
"02e484442a2f411b971edcf96ebbe885","0a571660608e4cd6a30d34b598b35424","planning","what_query","What is the probability of colliding with the vehicle in front camera after the ego vehicle goes straight and keeps the same speed?","Low.","Low.","1.0","1.0","1.0","2834.6","6","CAM_FRONT; CAM_FRONT_LEFT; CAM_FRONT_RIGHT; CAM_BACK; CAM_BACK_LEFT; CAM_BACK_RIGHT","","3.82"
"02e484442a2f411b971edcf96ebbe885","0a571660608e4cd6a30d34b598b35424","planning","what_query","What actions taken by the ego vehicle can lead to a collision with the vehicle in front camera?","No such action will lead to a collision.","Accelerate and go straight actions taken by the ego vehicle can lead to a collision with the vehicle in front camera.","0.3448","0.0","0.8904","4290.8","6","CAM_FRONT; CAM_FRONT_LEFT; CAM_FRONT_RIGHT; CAM_BACK; CAM_BACK_LEFT; CAM_BACK_RIGHT","","3.82"
"02e484442a2f411b971edcf96ebbe885","0a571660608e4cd6a30d34b598b35424","planning","yes_no","Is the vehicle in back camera an object that the ego vehicle should consider in the current scene?","No.","Yes.","0.0","0.0","0.9945","2833.5","6","CAM_FRONT; CAM_FRONT_LEFT; CAM_FRONT_RIGHT; CAM_BACK; CAM_BACK_LEFT; CAM_BACK_RIGHT","E_planning_error","3.82"
"02e484442a2f411b971edcf96ebbe885","0a571660608e4cd6a30d34b598b35424","planning","what_query","What actions could the ego vehicle take based on the vehicle in back camera? Why take this action and what's the probability?","The action is to keep going at the same speed. The reason is that there is no safety issue, and the probability is high.","High.","0.08","0.0","0.8714","4803.6","6","CAM_FRONT; CAM_FRONT_LEFT; CAM_FRONT_RIGHT; CAM_BACK; CAM_BACK_LEFT; CAM_BACK_RIGHT","D_incomplete","3.82"
"02e484442a2f411b971edcf96ebbe885","0a571660608e4cd6a30d34b598b35424","planning","what_query","What is the probability of colliding with the vehicle in back camera after the ego vehicle goes straight and keeps the same speed?","Low.","Low.","1.0","1.0","1.0","2847.1","6","CAM_FRONT; CAM_FRONT_LEFT; CAM_FRONT_RIGHT; CAM_BACK; CAM_BACK_LEFT; CAM_BACK_RIGHT","","3.82"
"02e484442a2f411b971edcf96ebbe885","0a571660608e4cd6a30d34b598b35424","planning","what_query","What actions taken by the ego vehicle can lead to a collision with the vehicle in back camera?","Back up.","Accelerate and go straight actions taken by the ego vehicle can lead to a collision with the vehicle in back camera.","0.087","0.0","0.8538","4433.2","6","CAM_FRONT; CAM_FRONT_LEFT; CAM_FRONT_RIGHT; CAM_BACK; CAM_BACK_LEFT; CAM_BACK_RIGHT","A_hallucination","3.82"
"02e484442a2f411b971edcf96ebbe885","0a571660608e4cd6a30d34b598b35424","planning","what_query","What is the traffic signal that the ego vehicle should pay attention to?","None.","The traffic signal that the ego vehicle should pay attention to is the red light.","0.0","0.0","0.8747","3523.5","6","CAM_FRONT; CAM_FRONT_LEFT; CAM_FRONT_RIGHT; CAM_BACK; CAM_BACK_LEFT; CAM_BACK_RIGHT","E_planning_error","3.82"
"02e484442a2f411b971edcf96ebbe885","0a571660608e4cd6a30d34b598b35424","planning","what_query","What is the target action of the ego vehicle?","Go straight.","The target action of the ego vehicle is to keep going at the same speed. The reason is to maintain a safe distance, which is high.","0.0714","0.0","0.8562","4182.9","6","CAM_FRONT; CAM_FRONT_LEFT; CAM_FRONT_RIGHT; CAM_BACK; CAM_BACK_LEFT; CAM_BACK_RIGHT","A_hallucination","3.82"
"02e484442a2f411b971edcf96ebbe885","0a571660608e4cd6a30d34b598b35424","planning","other_question_type","In this scenario, what are safe actions to take for the ego vehicle?","Keep going at the same speed, accelerate and go ahead, or decelerate gradually without braking.","In this scenario, the ego vehicle should maintain a safe distance from the vehicle in front camera. This can be achieved by accelerating and going straight.","0.1951","0.0","0.8597","5645.4","6","CAM_FRONT; CAM_FRONT_LEFT; CAM_FRONT_RIGHT; CAM_BACK; CAM_BACK_LEFT; CAM_BACK_RIGHT","E_planning_error","3.82"
"02e484442a2f411b971edcf96ebbe885","0a571660608e4cd6a30d34b598b35424","planning","other_question_type","In this scenario, what are dangerous actions to take for the ego vehicle?","Backing up, braking suddenly, and turning left are dangerous actions for the ego vehicle in this scenario.","In this scenario, the ego vehicle should avoid accelerating and going straight, as these actions can lead to a collision with the vehicle in front camera. Instead, the vehicle should maintain a safe distance and keep going at the same speed.","0.1724","0.0","0.8825","5006.9","6","CAM_FRONT; CAM_FRONT_LEFT; CAM_FRONT_RIGHT; CAM_BACK; CAM_BACK_LEFT; CAM_BACK_RIGHT","C_wrong_camera","3.82"
"02e484442a2f411b971edcf96ebbe885","0a571660608e4cd6a30d34b598b35424","planning","what_query","What is the priority of the objects that the ego vehicle should consider?(in descending order)","The priority of the objects that the ego vehicle should consider (in descending order) is the pedestrian in back-left camera, the vehicle in back camera, the cycle or rider in front camera, the vehicle in front camera, the vehicle in back-right camera.","There are 4 vehicles to the left.","0.1176","0.0","0.8469","3655.1","6","CAM_FRONT; CAM_FRONT_LEFT; CAM_FRONT_RIGHT; CAM_BACK; CAM_BACK_LEFT; CAM_BACK_RIGHT","C_wrong_camera","3.82"
"02e484442a2f411b971edcf96ebbe885","0a571660608e4cd6a30d34b598b35424","planning","what_query","What actions taken by the ego vehicle can lead to a collision with the pedestrian in back-left camera?","Reversing to the left rear can lead to a collision with the pedestrian in back-left camera.","The ego vehicle is accelerating and going straight.","0.08","0.0","0.8442","3688.4","6","CAM_FRONT; CAM_FRONT_LEFT; CAM_FRONT_RIGHT; CAM_BACK; CAM_BACK_LEFT; CAM_BACK_RIGHT","E_planning_error","3.82"
"02e484442a2f411b971edcf96ebbe885","0a571660608e4cd6a30d34b598b35424","planning","what_query","What actions taken by the ego vehicle can lead to a collision with the vehicle in back-right camera?","Reverse right back.","Accelerate and go straight actions taken by the ego vehicle can lead to a collision with the vehicle in back-right camera.","0.08","0.0","0.8056","4508.8","6","CAM_FRONT; CAM_FRONT_LEFT; CAM_FRONT_RIGHT; CAM_BACK; CAM_BACK_LEFT; CAM_BACK_RIGHT","A_hallucination","3.82"
"02e484442a2f411b971edcf96ebbe885","0a571660608e4cd6a30d34b598b35424","behavior","ego_behavior_prediction","Predict the behavior of the ego vehicle.","The ego vehicle is going straight. The ego vehicle is driving with normal speed.","The ego vehicle is going straight. The ego vehicle is driving fast.","0.8462","0.0","0.9718","3475.1","6","CAM_FRONT; CAM_FRONT_LEFT; CAM_FRONT_RIGHT; CAM_BACK; CAM_BACK_LEFT; CAM_BACK_RIGHT","","3.82"
"02e484442a2f411b971edcf96ebbe885","b14373fec1b8474187fd176710a6fd6b","perception","object_enumeration","What are objects to the back left of the ego car?","There is one pedestrian to the back left of the ego car.","There are many pedestrians and two cars behind the ego car.","0.4348","0.0","0.9274","3491.7","6","CAM_FRONT; CAM_FRONT_LEFT; CAM_FRONT_RIGHT; CAM_BACK; CAM_BACK_LEFT; CAM_BACK_RIGHT","","3.82"
"02e484442a2f411b971edcf96ebbe885","b14373fec1b8474187fd176710a6fd6b","perception","status_query","What is the status of the pedestrian that is to the back left of the ego car?","One pedestrian is moving.","Moving.","0.4","0.0","0.9064","2734.7","6","CAM_FRONT; CAM_FRONT_LEFT; CAM_FRONT_RIGHT; CAM_BACK; CAM_BACK_LEFT; CAM_BACK_RIGHT","","3.82"
"02e484442a2f411b971edcf96ebbe885","b14373fec1b8474187fd176710a6fd6b","perception","object_enumeration","What are objects to the front left of the ego car?","There are three pedestrians to the front left of the ego car.","There are two cars and a pedestrian to the front left of the ego car.","0.8148","0.0","0.971","3540.0","6","CAM_FRONT; CAM_FRONT_LEFT; CAM_FRONT_RIGHT; CAM_BACK; CAM_BACK_LEFT; CAM_BACK_RIGHT","","3.82"
"02e484442a2f411b971edcf96ebbe885","b14373fec1b8474187fd176710a6fd6b","perception","status_query","What is the status of the pedestrians that are to the front left of the ego car?","Three pedestrians are moving.","There are many pedestrians and two cars behind the ego car.","0.1333","0.0","0.8961","3421.4","6","CAM_FRONT; CAM_FRONT_LEFT; CAM_FRONT_RIGHT; CAM_BACK; CAM_BACK_LEFT; CAM_BACK_RIGHT","F_other","3.82"
"02e484442a2f411b971edcf96ebbe885","b14373fec1b8474187fd176710a6fd6b","perception","object_enumeration","What are objects to the back of the ego car?","There are many cars, one truck, and one motorcycle to the back of the ego car.","There are many pedestrians and two cars behind the ego car.","0.5185","0.0","0.9255","3442.4","6","CAM_FRONT; CAM_FRONT_LEFT; CAM_FRONT_RIGHT; CAM_BACK; CAM_BACK_LEFT; CAM_BACK_RIGHT","","3.82"
"02e484442a2f411b971edcf96ebbe885","b14373fec1b8474187fd176710a6fd6b","perception","status_query","What is the status of the cars that are to the back of the ego car?","Many cars are moving, and one is parked.","There are two cars behind the ego car.","0.125","0.0","0.8971","3165.8","6","CAM_FRONT; CAM_FRONT_LEFT; CAM_FRONT_RIGHT; CAM_BACK; CAM_BACK_LEFT; CAM_BACK_RIGHT","F_other","3.82"
"02e484442a2f411b971edcf96ebbe885","b14373fec1b8474187fd176710a6fd6b","perception","object_enumeration","What are objects to the front of the ego car?","There are many cars, one pedestrian, and one motorcycle in front of the ego car.","There are two cars and a pedestrian in front of the ego car.","0.7143","0.0","0.9573","3483.9","6","CAM_FRONT; CAM_FRONT_LEFT; CAM_FRONT_RIGHT; CAM_BACK; CAM_BACK_LEFT; CAM_BACK_RIGHT","","3.82"
"02e484442a2f411b971edcf96ebbe885","b14373fec1b8474187fd176710a6fd6b","perception","status_query","What is the status of the cars that are to the front of the ego car?","Three of the cars are moving, and one is parked.","There are two cars in front of the ego car.","0.3","0.0","0.8893","3256.6","6","CAM_FRONT; CAM_FRONT_LEFT; CAM_FRONT_RIGHT; CAM_BACK; CAM_BACK_LEFT; CAM_BACK_RIGHT","","3.82"
"02e484442a2f411b971edcf96ebbe885","b14373fec1b8474187fd176710a6fd6b","perception","object_enumeration","What are objects to the front right of the ego car?","There are two pedestrians to the front right of the ego car.","There are two cars and a pedestrian to the front right of the ego car.","0.8889","0.0","0.9717","3603.4","6","CAM_FRONT; CAM_FRONT_LEFT; CAM_FRONT_RIGHT; CAM_BACK; CAM_BACK_LEFT; CAM_BACK_RIGHT","","3.82"
"02e484442a2f411b971edcf96ebbe885","b14373fec1b8474187fd176710a6fd6b","perception","status_query","What is the status of the pedestrians that are to the front right of the ego car?","Two pedestrians are moving.","There are two pedestrians to the front right of the ego car.","0.25","0.0","0.8961","3498.2","6","CAM_FRONT; CAM_FRONT_LEFT; CAM_FRONT_RIGHT; CAM_BACK; CAM_BACK_LEFT; CAM_BACK_RIGHT","F_other","3.82"
"02e484442a2f411b971edcf96ebbe885","b14373fec1b8474187fd176710a6fd6b","perception","status_query","What is the status of the pedestrian that is to the front of the ego car?","The pedestrian in front of the ego car is moving.","There is a person walking in front of the ego car.","0.5714","0.0","0.9294","3228.8","6","CAM_FRONT; CAM_FRONT_LEFT; CAM_FRONT_RIGHT; CAM_BACK; CAM_BACK_LEFT; CAM_BACK_RIGHT","","3.82"
"02e484442a2f411b971edcf96ebbe885","b14373fec1b8474187fd176710a6fd6b","perception","status_query","What is the status of the motorcycle that is to the front of the ego car?","One motorcycle is with a rider.","There is a motorcycle to the front of the ego car.","0.2353","0.0","0.8967","3328.0","6","CAM_FRONT; CAM_FRONT_LEFT; CAM_FRONT_RIGHT; CAM_BACK; CAM_BACK_LEFT; CAM_BACK_RIGHT","F_other","3.82"
"02e484442a2f411b971edcf96ebbe885","b14373fec1b8474187fd176710a6fd6b","perception","object_enumeration","What are objects to the back right of the ego car?","There are two cars and two traffic cones to the back right of the ego car.","There are two cars behind the ego car.","0.5833","0.0","0.947","3147.2","6","CAM_FRONT; CAM_FRONT_LEFT; CAM_FRONT_RIGHT; CAM_BACK; CAM_BACK_LEFT; CAM_BACK_RIGHT","","3.82"
"02e484442a2f411b971edcf96ebbe885","b14373fec1b8474187fd176710a6fd6b","perception","status_query","What is the status of the cars that are to the back right of the ego car?","Two cars are parked.","There are two cars behind the ego car.","0.3333","0.0","0.9077","3185.3","6","CAM_FRONT; CAM_FRONT_LEFT; CAM_FRONT_RIGHT; CAM_BACK; CAM_BACK_LEFT; CAM_BACK_RIGHT","","3.82"
"02e484442a2f411b971edcf96ebbe885","b14373fec1b8474187fd176710a6fd6b","perception","status_query","What is the status of the truck that is to the back of the ego car?","One truck is moving.","Moving.","0.4","0.0","0.9016","2773.0","6","CAM_FRONT; CAM_FRONT_LEFT; CAM_FRONT_RIGHT; CAM_BACK; CAM_BACK_LEFT; CAM_BACK_RIGHT","","3.82"
"02e484442a2f411b971edcf96ebbe885","b14373fec1b8474187fd176710a6fd6b","perception","status_query","What is the status of the motorcycle that is to the back of the ego car?","One motorcycle is with a rider.","Moving.","0.0","0.0","0.8812","2799.9","6","CAM_FRONT; CAM_FRONT_LEFT; CAM_FRONT_RIGHT; CAM_BACK; CAM_BACK_LEFT; CAM_BACK_RIGHT","D_incomplete","3.82"
"02e484442a2f411b971edcf96ebbe885","b14373fec1b8474187fd176710a6fd6b","perception","yes_no","Are there motorcycles with riders to the front left of the ego car?","No.","No.","1.0","1.0","1.0","2624.4","6","CAM_FRONT; CAM_FRONT_LEFT; CAM_FRONT_RIGHT; CAM_BACK; CAM_BACK_LEFT; CAM_BACK_RIGHT","","3.82"
"02e484442a2f411b971edcf96ebbe885","b14373fec1b8474187fd176710a6fd6b","perception","yes_no","Are there traffic cones to the back right of the ego car?","Yes.","No.","0.0","0.0","0.9945","2619.9","6","CAM_FRONT; CAM_FRONT_LEFT; CAM_FRONT_RIGHT; CAM_BACK; CAM_BACK_LEFT; CAM_BACK_RIGHT","F_other","3.82"
"02e484442a2f411b971edcf96ebbe885","b14373fec1b8474187fd176710a6fd6b","perception","yes_no","Are there moving trucks to the back right of the ego car?","No.","Yes.","0.0","0.0","0.9945","2620.0","6","CAM_FRONT; CAM_FRONT_LEFT; CAM_FRONT_RIGHT; CAM_BACK; CAM_BACK_LEFT; CAM_BACK_RIGHT","F_other","3.82"
"02e484442a2f411b971edcf96ebbe885","b14373fec1b8474187fd176710a6fd6b","perception","yes_no","Are there parked cars to the back of the ego car?","Yes.","Yes.","1.0","1.0","1.0","2580.1","6","CAM_FRONT; CAM_FRONT_LEFT; CAM_FRONT_RIGHT; CAM_BACK; CAM_BACK_LEFT; CAM_BACK_RIGHT","","3.82"
"02e484442a2f411b971edcf96ebbe885","b14373fec1b8474187fd176710a6fd6b","perception","yes_no","Are there moving pedestrians to the front of the ego car?","Yes.","Yes.","1.0","1.0","1.0","2586.3","6","CAM_FRONT; CAM_FRONT_LEFT; CAM_FRONT_RIGHT; CAM_BACK; CAM_BACK_LEFT; CAM_BACK_RIGHT","","3.82"
"02e484442a2f411b971edcf96ebbe885","b14373fec1b8474187fd176710a6fd6b","perception","yes_no","Are there moving cars to the back of the ego car?","Yes.","Yes.","1.0","1.0","1.0","2581.1","6","CAM_FRONT; CAM_FRONT_LEFT; CAM_FRONT_RIGHT; CAM_BACK; CAM_BACK_LEFT; CAM_BACK_RIGHT","","3.82"
"02e484442a2f411b971edcf96ebbe885","b14373fec1b8474187fd176710a6fd6b","perception","yes_no","Are there moving cars to the front of the ego car?","Yes.","Yes.","1.0","1.0","1.0","2585.0","6","CAM_FRONT; CAM_FRONT_LEFT; CAM_FRONT_RIGHT; CAM_BACK; CAM_BACK_LEFT; CAM_BACK_RIGHT","","3.82"
"02e484442a2f411b971edcf96ebbe885","b14373fec1b8474187fd176710a6fd6b","perception","yes_no","Are there parked cars to the back right of the ego car?","Yes.","Yes.","1.0","1.0","1.0","2606.6","6","CAM_FRONT; CAM_FRONT_LEFT; CAM_FRONT_RIGHT; CAM_BACK; CAM_BACK_LEFT; CAM_BACK_RIGHT","","3.82"
"02e484442a2f411b971edcf96ebbe885","b14373fec1b8474187fd176710a6fd6b","perception","yes_no","Are there parked cars to the front of the ego car?","Yes.","No.","0.0","0.0","0.9945","2608.1","6","CAM_FRONT; CAM_FRONT_LEFT; CAM_FRONT_RIGHT; CAM_BACK; CAM_BACK_LEFT; CAM_BACK_RIGHT","F_other","3.82"
"02e484442a2f411b971edcf96ebbe885","b14373fec1b8474187fd176710a6fd6b","perception","yes_no","Are there moving pedestrians to the front left of the ego car?","Yes.","Yes.","1.0","1.0","1.0","2615.9","6","CAM_FRONT; CAM_FRONT_LEFT; CAM_FRONT_RIGHT; CAM_BACK; CAM_BACK_LEFT; CAM_BACK_RIGHT","","3.82"
"02e484442a2f411b971edcf96ebbe885","b14373fec1b8474187fd176710a6fd6b","perception","yes_no","Are there motorcycles with riders to the back of the ego car?","Yes.","No.","0.0","0.0","0.9945","2607.3","6","CAM_FRONT; CAM_FRONT_LEFT; CAM_FRONT_RIGHT; CAM_BACK; CAM_BACK_LEFT; CAM_BACK_RIGHT","F_other","3.82"
"02e484442a2f411b971edcf96ebbe885","b14373fec1b8474187fd176710a6fd6b","perception","other_question_type","Please describe the current scene.","There is one moving car in front of the ego car, three moving cars behind the ego car, one parked car in front of the ego car, one motorcycle with a rider in front of the ego car, and one moving pedestrian in front of the ego car.","The scene is a busy street with multiple cars and pedestrians. There are two cars behind the ego car, and many pedestrians are standing and moving.","0.2432","0.0","0.8668","6309.0","6","CAM_FRONT; CAM_FRONT_LEFT; CAM_FRONT_RIGHT; CAM_BACK; CAM_BACK_LEFT; CAM_BACK_RIGHT","B_wrong_status","3.82"
"02e484442a2f411b971edcf96ebbe885","b14373fec1b8474187fd176710a6fd6b","perception","what_query","What is the relative positioning of the important objects in the current scene?","the vehicle in back camera is at the back of the cycle or rider in front camera, the vehicle in back camera is at the back of the cycle or rider in front camera, the vehicle in front camera is at the back of the cycle or rider in front camera, the vehicle in front camera is at the front of the vehicle in back camera, the vehicle in back camera is at the back left of the vehicle in back camera, and the vehicle in front camera is at the front of the vehicle in back camera.","There are many pedestrians and two cars behind the ego car.","0.0367","0.0","0.8093","1777.9","2","CAM_BACK; CAM_FRONT","D_incomplete","3.82"
"02e484442a2f411b971edcf96ebbe885","b14373fec1b8474187fd176710a6fd6b","perception","yes_no","Is there any traffic element in the front view?","No, there are no traffic elements in the front view.","Yes.","0.0","0.0","0.9059","2577.3","6","CAM_FRONT; CAM_FRONT_LEFT; CAM_FRONT_RIGHT; CAM_BACK; CAM_BACK_LEFT; CAM_BACK_RIGHT","D_incomplete","3.82"
"02e484442a2f411b971edcf96ebbe885","b14373fec1b8474187fd176710a6fd6b","perception","which_query","Which lanes are each important object on in the scene?","the vehicle in back camera is in the ego lane.","There are two lanes in the scene. The ego car is in the left lane, and the pedestrians are in the right lane.","0.303","0.0","0.8787","2223.2","1","CAM_BACK","","3.82"
"02e484442a2f411b971edcf96ebbe885","b14373fec1b8474187fd176710a6fd6b","perception","what_query","What are the important objects in the current scene? Those objects will be considered for the future reasoning and driving decision.","There is a black-clad rider to the front of the ego vehicle, a silver sedan to the back of the ego vehicle, a silver sedan to the back of the ego vehicle, and a blue bus to the front of the ego vehicle. The IDs of these objects are the cycle or rider in front camera, the vehicle in back camera, the vehicle in back camera, and the vehicle in front camera.","There are many pedestrians and two cars behind the ego car.","0.0952","0.0","0.8356","1729.8","2","CAM_FRONT; CAM_BACK","D_incomplete","3.82"
"02e484442a2f411b971edcf96ebbe885","b14373fec1b8474187fd176710a6fd6b","perception","what_query","What is the observed status of the cycle or rider in front camera?","Moving.","Moving.","1.0","1.0","1.0","752.4","1","CAM_FRONT","","3.82"
"02e484442a2f411b971edcf96ebbe885","b14373fec1b8474187fd176710a6fd6b","perception","what_query","What is the moving status of the cycle or rider in front camera?","Going ahead.","Moving.","0.0","0.0","0.9201","760.2","1","CAM_FRONT","F_other","3.82"
"02e484442a2f411b971edcf96ebbe885","b14373fec1b8474187fd176710a6fd6b","perception","what_query","What is the observed status of the vehicle in back camera?","Moving.","Moving.","1.0","1.0","1.0","749.2","1","CAM_BACK","","3.82"
"02e484442a2f411b971edcf96ebbe885","b14373fec1b8474187fd176710a6fd6b","perception","what_query","What is the moving status of the vehicle in back camera?","Turn right.","Moving.","0.0","0.0","0.928","767.1","1","CAM_BACK","F_other","3.82"
"02e484442a2f411b971edcf96ebbe885","b14373fec1b8474187fd176710a6fd6b","perception","what_query","What is the observed status of the vehicle in back camera?","Moving.","Moving.","1.0","1.0","1.0","784.4","1","CAM_BACK","","3.82"
"02e484442a2f411b971edcf96ebbe885","b14373fec1b8474187fd176710a6fd6b","perception","what_query","What is the moving status of the vehicle in back camera?","Going ahead.","Moving.","0.0","0.0","0.9201","777.4","1","CAM_BACK","F_other","3.82"
"02e484442a2f411b971edcf96ebbe885","b14373fec1b8474187fd176710a6fd6b","perception","what_query","What is the observed status of the vehicle in front camera?","Stationary.","Moving.","0.0","0.0","0.9269","783.2","1","CAM_FRONT","B_wrong_status","3.82"
"02e484442a2f411b971edcf96ebbe885","b14373fec1b8474187fd176710a6fd6b","perception","visual_description","What is the visual description of the cycle or rider in front camera?","Black-clad rider.","There is a person riding a motorcycle in front of the ego car.","0.0","0.0","0.8549","1536.5","1","CAM_FRONT","F_other","3.82"
"02e484442a2f411b971edcf96ebbe885","b14373fec1b8474187fd176710a6fd6b","perception","visual_description","What is the visual description of the vehicle in back camera?","Silver sedan.","Moving.","0.0","0.0","0.9253","779.4","1","CAM_BACK","F_other","3.82"
"02e484442a2f411b971edcf96ebbe885","b14373fec1b8474187fd176710a6fd6b","perception","visual_description","What is the visual description of the vehicle in back camera?","Silver sedan.","Moving.","0.0","0.0","0.9253","784.8","1","CAM_BACK","F_other","3.82"
"02e484442a2f411b971edcf96ebbe885","b14373fec1b8474187fd176710a6fd6b","perception","visual_description","What is the visual description of the vehicle in front camera?","Blue bus.","There is a blue car in front of the camera.","0.1667","0.0","0.8958","1157.4","1","CAM_FRONT","F_other","3.82"
"02e484442a2f411b971edcf96ebbe885","b14373fec1b8474187fd176710a6fd6b","prediction","yes_no","Is the object in front camera a traffic sign or a road barrier?","No.","No.","1.0","1.0","1.0","739.8","1","CAM_FRONT","","3.82"
"02e484442a2f411b971edcf96ebbe885","b14373fec1b8474187fd176710a6fd6b","prediction","which_query","Which object is most likely to be occluded by the cycle or rider in front camera? Would this object affect the ego vehicle? Based on this object, what action of the ego vehicle is dangerous?","None, no, none.","There is a motorcycle and a rider in front camera. The motorcycle and rider are most likely to be occluded by the cycle or rider in front camera. This would affect the ego vehicle's decision-making process. The ego vehicle should be cautious while driving to avoid any accidents.","0.0","0.0","0.8195","4099.2","1","CAM_FRONT","A_hallucination","3.82"
"02e484442a2f411b971edcf96ebbe885","b14373fec1b8474187fd176710a6fd6b","prediction","other_question_type","Would the cycle or rider in front camera be in the moving direction of the ego vehicle?","No.","No.","1.0","1.0","1.0","718.1","1","CAM_FRONT","","3.82"
"02e484442a2f411b971edcf96ebbe885","b14373fec1b8474187fd176710a6fd6b","prediction","what_query","What is the future state of the cycle or rider in front camera?","Keep going straight.","The cycle or rider in front camera is moving.","0.0","0.0","0.8594","1168.2","1","CAM_FRONT","F_other","3.82"
"02e484442a2f411b971edcf96ebbe885","b14373fec1b8474187fd176710a6fd6b","prediction","yes_no","Is the object in back camera a traffic sign or a road barrier?","No.","There are two traffic lights to the right.","0.0","0.0","0.8983","1071.6","1","CAM_BACK","F_other","3.82"
"02e484442a2f411b971edcf96ebbe885","b14373fec1b8474187fd176710a6fd6b","prediction","which_query","Which object is most likely to be occluded by the vehicle in back camera? Would this object affect the ego vehicle? Based on this object, what action of the ego vehicle is dangerous?","None, no, none.","There is a tree in front of the vehicle in the back camera. The ego vehicle is moving.","0.0","0.0","0.8347","4254.2","1","CAM_BACK","A_hallucination","3.82"
"02e484442a2f411b971edcf96ebbe885","b14373fec1b8474187fd176710a6fd6b","prediction","other_question_type","Would the vehicle in back camera be in the moving direction of the ego vehicle?","No.","No.","1.0","1.0","1.0","762.5","1","CAM_BACK","","3.82"
"02e484442a2f411b971edcf96ebbe885","b14373fec1b8474187fd176710a6fd6b","prediction","what_query","What is the future state of the vehicle in back camera?","Keep going straight.","Moving.","0.0","0.0","0.9134","823.2","1","CAM_BACK","D_incomplete","3.82"
"02e484442a2f411b971edcf96ebbe885","b14373fec1b8474187fd176710a6fd6b","prediction","yes_no","Is the object in back camera a traffic sign or a road barrier?","No.","There are two traffic lights to the right.","0.0","0.0","0.8983","1216.4","1","CAM_BACK","F_other","3.82"
"02e484442a2f411b971edcf96ebbe885","b14373fec1b8474187fd176710a6fd6b","prediction","which_query","Which object is most likely to be occluded by the vehicle in back camera? Would this object affect the ego vehicle? Based on this object, what action of the ego vehicle is dangerous?","None, no, none.","There is a tree in front of the vehicle in the back camera. The ego vehicle is moving.","0.0","0.0","0.8347","3885.5","1","CAM_BACK","A_hallucination","3.82"
"02e484442a2f411b971edcf96ebbe885","b14373fec1b8474187fd176710a6fd6b","prediction","other_question_type","Would the vehicle in back camera be in the moving direction of the ego vehicle?","No.","No.","1.0","1.0","1.0","731.7","1","CAM_BACK","","3.82"
"02e484442a2f411b971edcf96ebbe885","b14373fec1b8474187fd176710a6fd6b","prediction","what_query","What is the future state of the vehicle in back camera?","Keep going straight.","Moving.","0.0","0.0","0.9134","817.2","1","CAM_BACK","D_incomplete","3.82"
"02e484442a2f411b971edcf96ebbe885","b14373fec1b8474187fd176710a6fd6b","prediction","yes_no","Is the object in front camera a traffic sign or a road barrier?","No.","No.","1.0","1.0","1.0","786.2","1","CAM_FRONT","","3.82"
"02e484442a2f411b971edcf96ebbe885","b14373fec1b8474187fd176710a6fd6b","prediction","other_question_type","Would the vehicle in front camera be in the moving direction of the ego vehicle?","Yes.","No.","0.0","0.0","0.9945","768.2","1","CAM_FRONT","F_other","3.82"
"02e484442a2f411b971edcf96ebbe885","b14373fec1b8474187fd176710a6fd6b","prediction","what_query","What is the future state of the vehicle in front camera?","Stationary.","Moving.","0.0","0.0","0.9269","792.9","1","CAM_FRONT","B_wrong_status","3.82"
"02e484442a2f411b971edcf96ebbe885","b14373fec1b8474187fd176710a6fd6b","prediction","what_query","What object should the ego vehicle notice first when the ego vehicle is getting to the next possible location? What is the state of the object that is first noticed by the ego vehicle and what action should the ego vehicle take? What object should the ego vehicle notice second when the ego vehicle is getting to the next possible location? What is the state of the object perceived by the ego vehicle as second and what action should the ego vehicle take? What object should the ego vehicle notice third? What is the state of the object perceived by the ego vehicle as third and what action should the ego vehicle take?","Firstly, notice that the vehicle in back camera. The object is going ahead, so the ego vehicle should continue going ahead at the same speed. Secondly, notice that the vehicle in back camera. The object is turning right, so the ego vehicle should continue going ahead at the same speed. Thirdly, notice that the vehicle in front camera. The object is going ahead, so the ego vehicle should continue going ahead at the same speed.","There are 3 cars to the front. The ego vehicle should notice the car in front first when getting to the next possible location.","0.202","0.0","0.8427","8049.1","2","CAM_BACK; CAM_FRONT","C_wrong_camera","3.82"
"02e484442a2f411b971edcf96ebbe885","b14373fec1b8474187fd176710a6fd6b","prediction","yes_no","Are the object in back camera and the object in front camera traffic signs?","Neither is a traffic sign.","No.","0.0","0.0","0.8958","1081.6","2","CAM_BACK; CAM_FRONT","D_incomplete","3.82"
"02e484442a2f411b971edcf96ebbe885","b14373fec1b8474187fd176710a6fd6b","prediction","future_state","Will the vehicle in back camera be in the moving direction of the vehicle in front camera?","No.","No.","1.0","1.0","1.0","1074.3","2","CAM_BACK; CAM_FRONT","","3.82"
"02e484442a2f411b971edcf96ebbe885","b14373fec1b8474187fd176710a6fd6b","prediction","future_state","Will the vehicle in back camera change its motion state based on the vehicle in front camera?","No.","No.","1.0","1.0","1.0","1122.5","2","CAM_BACK; CAM_FRONT","","3.82"
"02e484442a2f411b971edcf96ebbe885","b14373fec1b8474187fd176710a6fd6b","prediction","other_question_type","Based on the observations of the vehicle in front camera, what are possible actions to be taken by the vehicle in back camera? What is the reason?","The action is to turn right; the reason is that there is no safety issue.","The vehicle in front camera is moving. The vehicle in back camera should consider the traffic element in front camera to be most relevant to its decision. The vehicle in back camera should be prepared to stop or slow down if necessary to avoid a collision.","0.1311","0.0","0.8478","3850.1","2","CAM_FRONT; CAM_BACK","C_wrong_camera","3.82"
"02e484442a2f411b971edcf96ebbe885","b14373fec1b8474187fd176710a6fd6b","prediction","what_query","What object would consider the vehicle in back camera to be most relevant to its decision?","None.","There are two cars to the right.","0.0","0.0","0.8979","1128.0","1","CAM_BACK","F_other","3.82"
"02e484442a2f411b971edcf96ebbe885","b14373fec1b8474187fd176710a6fd6b","prediction","what_query","What object would consider the vehicle in front camera to be most relevant to its decision?","The ego vehicle.","The ego vehicle.","1.0","1.0","1.0","961.4","1","CAM_FRONT","","3.82"
"02e484442a2f411b971edcf96ebbe885","b14373fec1b8474187fd176710a6fd6b","prediction","other_question_type","Except for the ego vehicle, what object would consider the vehicle in front camera to be most relevant to its decision?","the vehicle in back camera.","None.","0.0","0.0","0.8901","1092.0","2","CAM_FRONT; CAM_BACK","D_incomplete","3.82"
"02e484442a2f411b971edcf96ebbe885","b14373fec1b8474187fd176710a6fd6b","prediction","yes_no","Are the object in front camera and the object in back camera traffic signs?","Neither is a traffic sign.","No.","0.0","0.0","0.8958","1086.0","2","CAM_FRONT; CAM_BACK","D_incomplete","3.82"
"02e484442a2f411b971edcf96ebbe885","b14373fec1b8474187fd176710a6fd6b","prediction","future_state","Will the vehicle in front camera be in the moving direction of the vehicle in back camera?","No.","No.","1.0","1.0","1.0","1069.8","2","CAM_FRONT; CAM_BACK","","3.82"
"02e484442a2f411b971edcf96ebbe885","b14373fec1b8474187fd176710a6fd6b","prediction","future_state","Will the vehicle in front camera change its motion state based on the vehicle in back camera?","No.","No.","1.0","1.0","1.0","1097.5","2","CAM_FRONT; CAM_BACK","","3.82"
"02e484442a2f411b971edcf96ebbe885","b14373fec1b8474187fd176710a6fd6b","prediction","other_question_type","Based on the observations of the vehicle in back camera, what are possible actions to be taken by the vehicle in front camera? What is the reason?","The action is none, the reason is there is no safety issue.","The vehicle in front camera is moving.","0.2105","0.0","0.8537","1349.6","2","CAM_BACK; CAM_FRONT","F_other","3.82"
"02e484442a2f411b971edcf96ebbe885","b14373fec1b8474187fd176710a6fd6b","prediction","what_query","What object would consider the vehicle in front camera to be most relevant to its decision?","The ego vehicle.","The ego vehicle.","1.0","1.0","1.0","848.6","1","CAM_FRONT","","3.82"
"02e484442a2f411b971edcf96ebbe885","b14373fec1b8474187fd176710a6fd6b","prediction","other_question_type","Except for the ego vehicle, what object would consider the vehicle in front camera to be most relevant to its decision?","the vehicle in back camera.","None.","0.0","0.0","0.8901","1047.9","2","CAM_FRONT; CAM_BACK","D_incomplete","3.82"
"02e484442a2f411b971edcf96ebbe885","b14373fec1b8474187fd176710a6fd6b","prediction","what_query","What object would consider the vehicle in back camera to be most relevant to its decision?","None.","There are two cars to the right.","0.0","0.0","0.8979","992.0","1","CAM_BACK","F_other","3.82"
"02e484442a2f411b971edcf96ebbe885","b14373fec1b8474187fd176710a6fd6b","planning","yes_no","Is the cycle or rider in front camera an object that the ego vehicle should consider in the current scene?","No.","Yes.","0.0","0.0","0.9945","2860.2","6","CAM_FRONT; CAM_FRONT_LEFT; CAM_FRONT_RIGHT; CAM_BACK; CAM_BACK_LEFT; CAM_BACK_RIGHT","E_planning_error","3.82"
"02e484442a2f411b971edcf96ebbe885","b14373fec1b8474187fd176710a6fd6b","planning","what_query","What actions could the ego vehicle take based on the cycle or rider in front camera? Why take this action and what's the probability?","The action is to keep going at the same speed. The reason is to avoid a collision, which is high probability.","High.","0.0909","0.0","0.8735","4701.1","6","CAM_FRONT; CAM_FRONT_LEFT; CAM_FRONT_RIGHT; CAM_BACK; CAM_BACK_LEFT; CAM_BACK_RIGHT","D_incomplete","3.82"
"02e484442a2f411b971edcf96ebbe885","b14373fec1b8474187fd176710a6fd6b","planning","what_query","What is the probability of colliding with the cycle or rider in front camera after the ego vehicle goes straight and keeps the same speed?","Low.","Low.","1.0","1.0","1.0","2856.5","6","CAM_FRONT; CAM_FRONT_LEFT; CAM_FRONT_RIGHT; CAM_BACK; CAM_BACK_LEFT; CAM_BACK_RIGHT","","3.82"
"02e484442a2f411b971edcf96ebbe885","b14373fec1b8474187fd176710a6fd6b","planning","what_query","What actions taken by the ego vehicle can lead to a collision with the cycle or rider in front camera?","Accelerate and go straight actions taken by the ego vehicle can lead to a collision with the cycle or rider in front camera.","The ego vehicle is accelerating and going straight.","0.2581","0.0","0.8611","3699.1","6","CAM_FRONT; CAM_FRONT_LEFT; CAM_FRONT_RIGHT; CAM_BACK; CAM_BACK_LEFT; CAM_BACK_RIGHT","D_incomplete","3.82"
"02e484442a2f411b971edcf96ebbe885","b14373fec1b8474187fd176710a6fd6b","planning","yes_no","Is the vehicle in back camera an object that the ego vehicle should consider in the current scene?","No.","Yes.","0.0","0.0","0.9945","2853.2","6","CAM_FRONT; CAM_FRONT_LEFT; CAM_FRONT_RIGHT; CAM_BACK; CAM_BACK_LEFT; CAM_BACK_RIGHT","E_planning_error","3.82"
"02e484442a2f411b971edcf96ebbe885","b14373fec1b8474187fd176710a6fd6b","planning","what_query","What actions could the ego vehicle take based on the vehicle in back camera? Why take this action and what's the probability?","The action is to keep going at the same speed. The reason is that there is no safety issue. The probability of this action is high.","High.","0.0741","0.0","0.8727","4772.0","6","CAM_FRONT; CAM_FRONT_LEFT; CAM_FRONT_RIGHT; CAM_BACK; CAM_BACK_LEFT; CAM_BACK_RIGHT","D_incomplete","3.82"
"02e484442a2f411b971edcf96ebbe885","b14373fec1b8474187fd176710a6fd6b","planning","what_query","What is the probability of colliding with the vehicle in back camera after the ego vehicle goes straight and keeps the same speed?","Low.","Low.","1.0","1.0","1.0","2844.2","6","CAM_FRONT; CAM_FRONT_LEFT; CAM_FRONT_RIGHT; CAM_BACK; CAM_BACK_LEFT; CAM_BACK_RIGHT","","3.82"
"02e484442a2f411b971edcf96ebbe885","b14373fec1b8474187fd176710a6fd6b","planning","what_query","What actions taken by the ego vehicle can lead to a collision with the vehicle in back camera?","No action taken by the ego vehicle will lead to a collision with the vehicle in back camera.","Accelerate and go straight actions taken by the ego vehicle can lead to a collision with the vehicle in back camera.","0.8205","0.0","0.9498","4363.5","6","CAM_FRONT; CAM_FRONT_LEFT; CAM_FRONT_RIGHT; CAM_BACK; CAM_BACK_LEFT; CAM_BACK_RIGHT","","3.82"
"02e484442a2f411b971edcf96ebbe885","b14373fec1b8474187fd176710a6fd6b","planning","yes_no","Is the vehicle in back camera an object that the ego vehicle should consider in the current scene?","No.","Yes.","0.0","0.0","0.9945","2839.5","6","CAM_FRONT; CAM_FRONT_LEFT; CAM_FRONT_RIGHT; CAM_BACK; CAM_BACK_LEFT; CAM_BACK_RIGHT","E_planning_error","3.82"
"02e484442a2f411b971edcf96ebbe885","b14373fec1b8474187fd176710a6fd6b","planning","what_query","What actions could the ego vehicle take based on the vehicle in back camera? Why take this action and what's the probability?","The action is to keep going at the same speed. The reason is to avoid a collision, which has a high probability.","High.","0.087","0.0","0.8719","4770.1","6","CAM_FRONT; CAM_FRONT_LEFT; CAM_FRONT_RIGHT; CAM_BACK; CAM_BACK_LEFT; CAM_BACK_RIGHT","D_incomplete","3.82"
"02e484442a2f411b971edcf96ebbe885","b14373fec1b8474187fd176710a6fd6b","planning","what_query","What is the probability of colliding with the vehicle in back camera after the ego vehicle goes straight and keeps the same speed?","Low.","Low.","1.0","1.0","1.0","2832.0","6","CAM_FRONT; CAM_FRONT_LEFT; CAM_FRONT_RIGHT; CAM_BACK; CAM_BACK_LEFT; CAM_BACK_RIGHT","","3.82"
"02e484442a2f411b971edcf96ebbe885","b14373fec1b8474187fd176710a6fd6b","planning","what_query","What actions taken by the ego vehicle can lead to a collision with the vehicle in back camera?","Brake suddenly.","Accelerate and go straight actions taken by the ego vehicle can lead to a collision with the vehicle in back camera.","0.0","0.0","0.8333","4404.0","6","CAM_FRONT; CAM_FRONT_LEFT; CAM_FRONT_RIGHT; CAM_BACK; CAM_BACK_LEFT; CAM_BACK_RIGHT","A_hallucination","3.82"
"02e484442a2f411b971edcf96ebbe885","b14373fec1b8474187fd176710a6fd6b","planning","yes_no","Is the vehicle in front camera an object that the ego vehicle should consider in the current scene?","Yes.","Yes.","1.0","1.0","1.0","2869.0","6","CAM_FRONT; CAM_FRONT_LEFT; CAM_FRONT_RIGHT; CAM_BACK; CAM_BACK_LEFT; CAM_BACK_RIGHT","","3.82"
"02e484442a2f411b971edcf96ebbe885","b14373fec1b8474187fd176710a6fd6b","planning","what_query","What actions could the ego vehicle take based on the vehicle in front camera? Why take this action and what's the probability?","The action is to keep going at the same speed. The reason is to avoid a collision, which is high.","Low.","0.0","0.0","0.8764","4648.6","6","CAM_FRONT; CAM_FRONT_LEFT; CAM_FRONT_RIGHT; CAM_BACK; CAM_BACK_LEFT; CAM_BACK_RIGHT","D_incomplete","3.82"
"02e484442a2f411b971edcf96ebbe885","b14373fec1b8474187fd176710a6fd6b","planning","what_query","What is the probability of colliding with the vehicle in front camera after the ego vehicle goes straight and keeps the same speed?","Low.","Low.","1.0","1.0","1.0","2860.9","6","CAM_FRONT; CAM_FRONT_LEFT; CAM_FRONT_RIGHT; CAM_BACK; CAM_BACK_LEFT; CAM_BACK_RIGHT","","3.82"
"02e484442a2f411b971edcf96ebbe885","b14373fec1b8474187fd176710a6fd6b","planning","what_query","What actions taken by the ego vehicle can lead to a collision with the vehicle in front camera?","Accelerating and going straight.","Accelerate and go straight actions taken by the ego vehicle can lead to a collision with the vehicle in front camera.","0.32","0.0","0.8764","4300.8","6","CAM_FRONT; CAM_FRONT_LEFT; CAM_FRONT_RIGHT; CAM_BACK; CAM_BACK_LEFT; CAM_BACK_RIGHT","","3.82"
"02e484442a2f411b971edcf96ebbe885","b14373fec1b8474187fd176710a6fd6b","planning","what_query","What is the traffic signal that the ego vehicle should pay attention to?","None.","The traffic signal that the ego vehicle should pay attention to is the red light.","0.0","0.0","0.8747","3502.1","6","CAM_FRONT; CAM_FRONT_LEFT; CAM_FRONT_RIGHT; CAM_BACK; CAM_BACK_LEFT; CAM_BACK_RIGHT","E_planning_error","3.82"
"02e484442a2f411b971edcf96ebbe885","b14373fec1b8474187fd176710a6fd6b","planning","what_query","What is the target action of the ego vehicle?","Go straight.","The target action of the ego vehicle is to keep going at the same speed.","0.1176","0.0","0.8667","3527.6","6","CAM_FRONT; CAM_FRONT_LEFT; CAM_FRONT_RIGHT; CAM_BACK; CAM_BACK_LEFT; CAM_BACK_RIGHT","E_planning_error","3.82"
"02e484442a2f411b971edcf96ebbe885","b14373fec1b8474187fd176710a6fd6b","planning","other_question_type","In this scenario, what are safe actions to take for the ego vehicle?","Keep going at the same speed, slightly offset to the left, and slightly offset to the right.","In this scenario, the ego vehicle should maintain a safe distance from the vehicle in front camera. This can be achieved by accelerating and going straight.","0.1395","0.0","0.8414","4997.4","6","CAM_FRONT; CAM_FRONT_LEFT; CAM_FRONT_RIGHT; CAM_BACK; CAM_BACK_LEFT; CAM_BACK_RIGHT","C_wrong_camera","3.82"
"02e484442a2f411b971edcf96ebbe885","b14373fec1b8474187fd176710a6fd6b","planning","other_question_type","In this scenario, what are dangerous actions to take for the ego vehicle?","Change to the left lane, change to the right lane, accelerate, and proceed ahead are dangerous actions for the ego vehicle in this scenario.","High.","0.0","0.0","0.8638","5780.9","6","CAM_FRONT; CAM_FRONT_LEFT; CAM_FRONT_RIGHT; CAM_BACK; CAM_BACK_LEFT; CAM_BACK_RIGHT","D_incomplete","3.82"
"02e484442a2f411b971edcf96ebbe885","b14373fec1b8474187fd176710a6fd6b","planning","what_query","What is the priority of the objects that the ego vehicle should consider?(in descending order)","The priority of the objects that the ego vehicle should consider (in descending order) is the vehicle in back camera, the vehicle in back camera, the vehicle in front camera, the cycle or rider in front camera.","There are 5 cars to the right.","0.0455","0.0","0.8466","3600.9","6","CAM_FRONT; CAM_FRONT_LEFT; CAM_FRONT_RIGHT; CAM_BACK; CAM_BACK_LEFT; CAM_BACK_RIGHT","C_wrong_camera","3.82"
"02e484442a2f411b971edcf96ebbe885","b14373fec1b8474187fd176710a6fd6b","planning","what_query","What do I mainly need in the current environment?","Pay attention to pedestrians who may appear on the roadside at any time.","In the current environment, the main need is to maintain a safe distance from the vehicle in front camera.","0.125","0.0","0.8609","3729.8","6","CAM_FRONT; CAM_FRONT_LEFT; CAM_FRONT_RIGHT; CAM_BACK; CAM_BACK_LEFT; CAM_BACK_RIGHT","A_hallucination","3.82"
"02e484442a2f411b971edcf96ebbe885","b14373fec1b8474187fd176710a6fd6b","behavior","ego_behavior_prediction","Predict the behavior of the ego vehicle.","The ego vehicle is going straight. The ego vehicle is driving slowly.","The ego vehicle is going straight. The ego vehicle is driving fast.","0.9167","0.0","0.9914","3395.4","6","CAM_FRONT; CAM_FRONT_LEFT; CAM_FRONT_RIGHT; CAM_BACK; CAM_BACK_LEFT; CAM_BACK_RIGHT","","3.82"
"02e484442a2f411b971edcf96ebbe885","dec94c9fa602428e8c6985e830bb0b26","perception","object_enumeration","What are objects to the front left of the ego car?","There is one pedestrian, one truck and one car to the front left of the ego car.","There are two cars and a pedestrian to the front left of the ego car.","0.625","0.0","0.9579","3563.9","6","CAM_FRONT; CAM_FRONT_LEFT; CAM_FRONT_RIGHT; CAM_BACK; CAM_BACK_LEFT; CAM_BACK_RIGHT","","3.82"
"02e484442a2f411b971edcf96ebbe885","dec94c9fa602428e8c6985e830bb0b26","perception","status_query","What is the status of the pedestrian that is to the front left of the ego car?","The pedestrian to the front left of the ego car is moving.","Moving.","0.1538","0.0","0.8744","2769.7","6","CAM_FRONT; CAM_FRONT_LEFT; CAM_FRONT_RIGHT; CAM_BACK; CAM_BACK_LEFT; CAM_BACK_RIGHT","D_incomplete","3.82"
"02e484442a2f411b971edcf96ebbe885","dec94c9fa602428e8c6985e830bb0b26","perception","object_enumeration","What are objects to the back of the ego car?","There are many cars, one truck, and one pedestrian behind the ego car.","There are many pedestrians and two cars behind the ego car.","0.6667","0.0","0.9533","3448.3","6","CAM_FRONT; CAM_FRONT_LEFT; CAM_FRONT_RIGHT; CAM_BACK; CAM_BACK_LEFT; CAM_BACK_RIGHT","","3.82"
"02e484442a2f411b971edcf96ebbe885","dec94c9fa602428e8c6985e830bb0b26","perception","status_query","What is the status of the cars that are to the back of the ego car?","Many cars are moving, and one is parked.","There are two cars behind the ego car.","0.125","0.0","0.8971","3160.2","6","CAM_FRONT; CAM_FRONT_LEFT; CAM_FRONT_RIGHT; CAM_BACK; CAM_BACK_LEFT; CAM_BACK_RIGHT","F_other","3.82"
"02e484442a2f411b971edcf96ebbe885","dec94c9fa602428e8c6985e830bb0b26","perception","object_enumeration","What are objects to the front of the ego car?","There are three cars, one motorcycle, and one pedestrian in front of the ego car.","There are two cars and many pedestrians in front of the ego car.","0.7857","0.0","0.956","3583.1","6","CAM_FRONT; CAM_FRONT_LEFT; CAM_FRONT_RIGHT; CAM_BACK; CAM_BACK_LEFT; CAM_BACK_RIGHT","","3.82"
"02e484442a2f411b971edcf96ebbe885","dec94c9fa602428e8c6985e830bb0b26","perception","status_query","What is the status of the cars that are to the front of the ego car?","Two of the cars are moving, and one is parked.","There are two cars in front of the ego car.","0.4","0.0","0.8894","3273.5","6","CAM_FRONT; CAM_FRONT_LEFT; CAM_FRONT_RIGHT; CAM_BACK; CAM_BACK_LEFT; CAM_BACK_RIGHT","","3.82"
"02e484442a2f411b971edcf96ebbe885","dec94c9fa602428e8c6985e830bb0b26","perception","object_enumeration","What are objects to the front right of the ego car?","There are two pedestrians and one car to the front right of the ego car.","There are two cars and a pedestrian to the front right of the ego car.","0.8","0.0","0.979","3619.1","6","CAM_FRONT; CAM_FRONT_LEFT; CAM_FRONT_RIGHT; CAM_BACK; CAM_BACK_LEFT; CAM_BACK_RIGHT","","3.82"
"02e484442a2f411b971edcf96ebbe885","dec94c9fa602428e8c6985e830bb0b26","perception","status_query","What is the status of the pedestrians that are to the front right of the ego car?","Two pedestrians are moving.","There are many pedestrians and two cars behind the ego car.","0.1333","0.0","0.8957","3393.6","6","CAM_FRONT; CAM_FRONT_LEFT; CAM_FRONT_RIGHT; CAM_BACK; CAM_BACK_LEFT; CAM_BACK_RIGHT","F_other","3.82"
"02e484442a2f411b971edcf96ebbe885","dec94c9fa602428e8c6985e830bb0b26","perception","object_enumeration","What are objects to the back right of the ego car?","There are three traffic cones, two cars, and one motorcycle to the back right of the ego car.","There are two cars behind the ego car.","0.5385","0.0","0.929","3111.2","6","CAM_FRONT; CAM_FRONT_LEFT; CAM_FRONT_RIGHT; CAM_BACK; CAM_BACK_LEFT; CAM_BACK_RIGHT","","3.82"
"02e484442a2f411b971edcf96ebbe885","dec94c9fa602428e8c6985e830bb0b26","perception","status_query","What is the status of the truck that is to the front left of the ego car?","The truck to the front left of the ego car is parked.","Moving.","0.0","0.0","0.8753","2752.2","6","CAM_FRONT; CAM_FRONT_LEFT; CAM_FRONT_RIGHT; CAM_BACK; CAM_BACK_LEFT; CAM_BACK_RIGHT","B_wrong_status","3.82"
"02e484442a2f411b971edcf96ebbe885","dec94c9fa602428e8c6985e830bb0b26","perception","status_query","What is the status of the motorcycle that is to the front of the ego car?","One motorcycle is with a rider.","Moving.","0.0","0.0","0.8812","2763.7","6","CAM_FRONT; CAM_FRONT_LEFT; CAM_FRONT_RIGHT; CAM_BACK; CAM_BACK_LEFT; CAM_BACK_RIGHT","D_incomplete","3.82"
"02e484442a2f411b971edcf96ebbe885","dec94c9fa602428e8c6985e830bb0b26","perception","status_query","What is the status of the pedestrian that is to the front of the ego car?","The pedestrian in front of the ego car is moving.","There is a person walking in front of the ego car.","0.5714","0.0","0.9294","3353.3","6","CAM_FRONT; CAM_FRONT_LEFT; CAM_FRONT_RIGHT; CAM_BACK; CAM_BACK_LEFT; CAM_BACK_RIGHT","","3.82"
"02e484442a2f411b971edcf96ebbe885","dec94c9fa602428e8c6985e830bb0b26","perception","status_query","What is the status of the cars that are to the back right of the ego car?","One of the cars is moving, and one is parked.","Moving.","0.1818","0.0","0.8819","2776.5","6","CAM_FRONT; CAM_FRONT_LEFT; CAM_FRONT_RIGHT; CAM_BACK; CAM_BACK_LEFT; CAM_BACK_RIGHT","B_wrong_status","3.82"
"02e484442a2f411b971edcf96ebbe885","dec94c9fa602428e8c6985e830bb0b26","perception","status_query","What is the status of the car that is to the front right of the ego car?","One car is moving.","Moving.","0.4","0.0","0.901","2769.1","6","CAM_FRONT; CAM_FRONT_LEFT; CAM_FRONT_RIGHT; CAM_BACK; CAM_BACK_LEFT; CAM_BACK_RIGHT","","3.82"
"02e484442a2f411b971edcf96ebbe885","dec94c9fa602428e8c6985e830bb0b26","perception","status_query","What is the status of the truck that is to the back of the ego car?","One truck is moving.","Moving.","0.4","0.0","0.9016","2784.0","6","CAM_FRONT; CAM_FRONT_LEFT; CAM_FRONT_RIGHT; CAM_BACK; CAM_BACK_LEFT; CAM_BACK_RIGHT","","3.82"
"02e484442a2f411b971edcf96ebbe885","dec94c9fa602428e8c6985e830bb0b26","perception","object_enumeration","What are objects to the back left of the ego car?","There is one pedestrian to the back left of the ego car.","There are many pedestrians and two cars behind the ego car.","0.4348","0.0","0.9274","3630.6","6","CAM_FRONT; CAM_FRONT_LEFT; CAM_FRONT_RIGHT; CAM_BACK; CAM_BACK_LEFT; CAM_BACK_RIGHT","","3.82"
"02e484442a2f411b971edcf96ebbe885","dec94c9fa602428e8c6985e830bb0b26","perception","status_query","What is the status of the pedestrian that is to the back left of the ego car?","The pedestrian to the back left of the ego car is standing.","Moving.","0.0","0.0","0.8747","2780.7","6","CAM_FRONT; CAM_FRONT_LEFT; CAM_FRONT_RIGHT; CAM_BACK; CAM_BACK_LEFT; CAM_BACK_RIGHT","B_wrong_status","3.82"
"02e484442a2f411b971edcf96ebbe885","dec94c9fa602428e8c6985e830bb0b26","perception","status_query","What is the status of the motorcycle that is to the back right of the ego car?","One motorcycle is with a rider.","Moving.","0.0","0.0","0.8812","2729.8","6","CAM_FRONT; CAM_FRONT_LEFT; CAM_FRONT_RIGHT; CAM_BACK; CAM_BACK_LEFT; CAM_BACK_RIGHT","D_incomplete","3.82"
"02e484442a2f411b971edcf96ebbe885","dec94c9fa602428e8c6985e830bb0b26","perception","status_query","What is the status of the pedestrian that is to the back of the ego car?","One pedestrian is moving.","Moving.","0.4","0.0","0.9064","2757.8","6","CAM_FRONT; CAM_FRONT_LEFT; CAM_FRONT_RIGHT; CAM_BACK; CAM_BACK_LEFT; CAM_BACK_RIGHT","","3.82"
"02e484442a2f411b971edcf96ebbe885","dec94c9fa602428e8c6985e830bb0b26","perception","status_query","What is the status of the car that is to the front left of the ego car?","The car to the front left of the ego car is parked.","Moving.","0.0","0.0","0.8745","2760.6","6","CAM_FRONT; CAM_FRONT_LEFT; CAM_FRONT_RIGHT; CAM_BACK; CAM_BACK_LEFT; CAM_BACK_RIGHT","B_wrong_status","3.82"
"02e484442a2f411b971edcf96ebbe885","dec94c9fa602428e8c6985e830bb0b26","perception","yes_no","Are there moving buses to the front right of the ego car?","No.","No.","1.0","1.0","1.0","2592.8","6","CAM_FRONT; CAM_FRONT_LEFT; CAM_FRONT_RIGHT; CAM_BACK; CAM_BACK_LEFT; CAM_BACK_RIGHT","","3.82"
"02e484442a2f411b971edcf96ebbe885","dec94c9fa602428e8c6985e830bb0b26","perception","yes_no","Are there bicycles without riders to the back right of the ego car?","No.","No.","1.0","1.0","1.0","2601.7","6","CAM_FRONT; CAM_FRONT_LEFT; CAM_FRONT_RIGHT; CAM_BACK; CAM_BACK_LEFT; CAM_BACK_RIGHT","","3.82"
"02e484442a2f411b971edcf96ebbe885","dec94c9fa602428e8c6985e830bb0b26","perception","yes_no","Are there moving trailers to the back left of the ego car?","No.","No.","1.0","1.0","1.0","2611.2","6","CAM_FRONT; CAM_FRONT_LEFT; CAM_FRONT_RIGHT; CAM_BACK; CAM_BACK_LEFT; CAM_BACK_RIGHT","","3.82"
"02e484442a2f411b971edcf96ebbe885","dec94c9fa602428e8c6985e830bb0b26","perception","yes_no","Are there moving pedestrians to the back right of the ego car?","No.","Yes.","0.0","0.0","0.9945","2614.7","6","CAM_FRONT; CAM_FRONT_LEFT; CAM_FRONT_RIGHT; CAM_BACK; CAM_BACK_LEFT; CAM_BACK_RIGHT","F_other","3.82"
"02e484442a2f411b971edcf96ebbe885","dec94c9fa602428e8c6985e830bb0b26","perception","yes_no","Are there motorcycles with riders to the front of the ego car?","Yes.","Yes.","1.0","1.0","1.0","2622.6","6","CAM_FRONT; CAM_FRONT_LEFT; CAM_FRONT_RIGHT; CAM_BACK; CAM_BACK_LEFT; CAM_BACK_RIGHT","","3.82"
"02e484442a2f411b971edcf96ebbe885","dec94c9fa602428e8c6985e830bb0b26","perception","yes_no","Are there parked cars to the front of the ego car?","Yes.","No.","0.0","0.0","0.9945","2632.8","6","CAM_FRONT; CAM_FRONT_LEFT; CAM_FRONT_RIGHT; CAM_BACK; CAM_BACK_LEFT; CAM_BACK_RIGHT","F_other","3.82"
"02e484442a2f411b971edcf96ebbe885","dec94c9fa602428e8c6985e830bb0b26","perception","yes_no","Are there parked cars to the back right of the ego car?","Yes.","Yes.","1.0","1.0","1.0","2630.3","6","CAM_FRONT; CAM_FRONT_LEFT; CAM_FRONT_RIGHT; CAM_BACK; CAM_BACK_LEFT; CAM_BACK_RIGHT","","3.82"
"02e484442a2f411b971edcf96ebbe885","dec94c9fa602428e8c6985e830bb0b26","perception","yes_no","Are there parked trucks to the front left of the ego car?","Yes.","No.","0.0","0.0","0.9945","2578.7","6","CAM_FRONT; CAM_FRONT_LEFT; CAM_FRONT_RIGHT; CAM_BACK; CAM_BACK_LEFT; CAM_BACK_RIGHT","F_other","3.82"
"02e484442a2f411b971edcf96ebbe885","dec94c9fa602428e8c6985e830bb0b26","perception","yes_no","Are there motorcycles with riders to the back right of the ego car?","Yes.","No.","0.0","0.0","0.9945","2552.2","6","CAM_FRONT; CAM_FRONT_LEFT; CAM_FRONT_RIGHT; CAM_BACK; CAM_BACK_LEFT; CAM_BACK_RIGHT","F_other","3.82"
"02e484442a2f411b971edcf96ebbe885","dec94c9fa602428e8c6985e830bb0b26","perception","yes_no","Are there parked cars to the front left of the ego car?","Yes.","Yes.","1.0","1.0","1.0","2555.5","6","CAM_FRONT; CAM_FRONT_LEFT; CAM_FRONT_RIGHT; CAM_BACK; CAM_BACK_LEFT; CAM_BACK_RIGHT","","3.82"
"02e484442a2f411b971edcf96ebbe885","dec94c9fa602428e8c6985e830bb0b26","perception","yes_no","Are there moving pedestrians to the back of the ego car?","Yes.","Yes.","1.0","1.0","1.0","2374.1","6","CAM_FRONT; CAM_FRONT_LEFT; CAM_FRONT_RIGHT; CAM_BACK; CAM_BACK_LEFT; CAM_BACK_RIGHT","","3.82"
"02e484442a2f411b971edcf96ebbe885","dec94c9fa602428e8c6985e830bb0b26","perception","yes_no","Are there moving cars to the back of the ego car?","Yes.","Yes.","1.0","1.0","1.0","2584.3","6","CAM_FRONT; CAM_FRONT_LEFT; CAM_FRONT_RIGHT; CAM_BACK; CAM_BACK_LEFT; CAM_BACK_RIGHT","","3.82"
"02e484442a2f411b971edcf96ebbe885","dec94c9fa602428e8c6985e830bb0b26","perception","other_question_type","Please describe the current scene.","There is one moving car in front of the ego car, three moving cars behind the ego car, one parked car behind the ego car, one moving truck behind the ego car, one motorcycle with a rider in front of the ego car, and one moving pedestrian in front of the ego car.","The scene is a busy street with multiple pedestrians and vehicles. There are two cars behind the ego car, and many pedestrians are standing and moving.","0.2025","0.0","0.8597","5240.2","6","CAM_FRONT; CAM_FRONT_LEFT; CAM_FRONT_RIGHT; CAM_BACK; CAM_BACK_LEFT; CAM_BACK_RIGHT","B_wrong_status","3.82"
"02e484442a2f411b971edcf96ebbe885","dec94c9fa602428e8c6985e830bb0b26","perception","what_query","What is the relative positioning of the important objects in the current scene?","the cycle or rider in front camera is on the front right of the pedestrian in front-left camera. the vehicle in front-right camera is on the front right of the pedestrian in front-left camera. the vehicle in back camera is on the back of the pedestrian in front-left camera. the vehicle in back camera is on the back of the cycle or rider in front camera. the vehicle in front-right camera is on the back right of the cycle or rider in front camera and the vehicle in back camera is on the back of the vehicle in front-right camera.","The ego car is in the front, and there are many pedestrians and two cars behind it.","0.1138","0.0","0.8326","2768.2","4","CAM_FRONT; CAM_FRONT_LEFT; CAM_FRONT_RIGHT; CAM_BACK","C_wrong_camera","3.82"
"02e484442a2f411b971edcf96ebbe885","dec94c9fa602428e8c6985e830bb0b26","perception","yes_no","Is there any traffic element in the front view?","Yes, there are traffic elements in the front view.","Yes.","0.2","0.0","0.9103","2613.6","6","CAM_FRONT; CAM_FRONT_LEFT; CAM_FRONT_RIGHT; CAM_BACK; CAM_BACK_LEFT; CAM_BACK_RIGHT","D_incomplete","3.82"
"02e484442a2f411b971edcf96ebbe885","dec94c9fa602428e8c6985e830bb0b26","perception","planning_other","Identify all the traffic elements in the front view, categorize them, determine their status, and predict the bounding box around each one. The output should be a list formatted as (c, s, x1, y1, x2, y2), where c represents the category, s denotes the status, and x1, y1, x2, y2 are the offsets of the top-left and bottom-right corners of the box relative to the center point.","There are many traffic elements in the front view. The information of these traffic elements is [(traffic light, green, 6.74, 344.79, 42.71, 411.56), (traffic light, red, 47.84, 342.04, 91.97, 412.59), (traffic light, unknown, 494.52, 368.41, 524.96, 416.9), (traffic light, green, 819.52, 178.5, 887.39, 205.09), (traffic light, green, 1535.6, 381.66, 1558.12, 426.69)].","","0.0","0.0","","11394.0","6","CAM_FRONT; CAM_FRONT_LEFT; CAM_FRONT_RIGHT; CAM_BACK; CAM_BACK_LEFT; CAM_BACK_RIGHT","D_incomplete","3.82"
"02e484442a2f411b971edcf96ebbe885","dec94c9fa602428e8c6985e830bb0b26","perception","which_query","Which lanes are each important object on in the scene?","the cycle or rider in front camera is in the ego lane.","There are two lanes in the scene. The ego car is in the left lane, and the motorcycle is in the right lane.","0.3429","0.0","0.8726","2408.5","1","CAM_FRONT","","3.82"
"02e484442a2f411b971edcf96ebbe885","dec94c9fa602428e8c6985e830bb0b26","perception","what_query","What are the important objects in the current scene? Those objects will be considered for the future reasoning and driving decision.","There is a people crossing the road to the front left of the ego vehicle, a person riding a bike to the front of the ego vehicle, a gray sedan to the front right of the ego vehicle, and a gray sedan to the back of the ego vehicle. The IDs of these objects are the pedestrian in front-left camera, the cycle or rider in front camera, the vehicle in front-right camera, and the vehicle in back camera.","There are many pedestrians and two cars behind the ego car.","0.1099","0.0","0.8387","2523.0","4","CAM_FRONT_LEFT; CAM_FRONT; CAM_FRONT_RIGHT; CAM_BACK","D_incomplete","3.82"
"02e484442a2f411b971edcf96ebbe885","dec94c9fa602428e8c6985e830bb0b26","perception","what_query","What is the observed status of the pedestrian in front-left camera?","Moving.","Moving.","1.0","1.0","1.0","814.0","1","CAM_FRONT_LEFT","","3.82"
"02e484442a2f411b971edcf96ebbe885","dec94c9fa602428e8c6985e830bb0b26","perception","what_query","What is the moving status of the pedestrian in front-left camera?","Going ahead.","Moving.","0.0","0.0","0.9201","823.5","1","CAM_FRONT_LEFT","F_other","3.82"
"02e484442a2f411b971edcf96ebbe885","dec94c9fa602428e8c6985e830bb0b26","perception","what_query","What is the observed status of the cycle or rider in front camera?","Moving.","Moving.","1.0","1.0","1.0","812.9","1","CAM_FRONT","","3.82"
"02e484442a2f411b971edcf96ebbe885","dec94c9fa602428e8c6985e830bb0b26","perception","what_query","What is the moving status of the cycle or rider in front camera?","Going ahead.","Moving.","0.0","0.0","0.9201","817.1","1","CAM_FRONT","F_other","3.82"
"02e484442a2f411b971edcf96ebbe885","dec94c9fa602428e8c6985e830bb0b26","perception","what_query","What is the observed status of the vehicle in front-right camera?","Moving.","Moving.","1.0","1.0","1.0","809.2","1","CAM_FRONT_RIGHT","","3.82"
"02e484442a2f411b971edcf96ebbe885","dec94c9fa602428e8c6985e830bb0b26","perception","what_query","What is the moving status of the vehicle in front-right camera?","Going ahead.","Moving.","0.0","0.0","0.9201","844.0","1","CAM_FRONT_RIGHT","F_other","3.82"
"02e484442a2f411b971edcf96ebbe885","dec94c9fa602428e8c6985e830bb0b26","perception","what_query","What is the observed status of the vehicle in back camera?","Moving.","Moving.","1.0","1.0","1.0","856.8","1","CAM_BACK","","3.82"
"02e484442a2f411b971edcf96ebbe885","dec94c9fa602428e8c6985e830bb0b26","perception","what_query","What is the moving status of the vehicle in back camera?","Going ahead.","Moving.","0.0","0.0","0.9201","861.4","1","CAM_BACK","F_other","3.82"
"02e484442a2f411b971edcf96ebbe885","dec94c9fa602428e8c6985e830bb0b26","perception","visual_description","What is the visual description of the pedestrian in front-left camera?","People crossing the road.","There is a person walking in front of the ego car.","0.1333","0.0","0.8907","1392.6","1","CAM_FRONT_LEFT","F_other","3.82"
"02e484442a2f411b971edcf96ebbe885","dec94c9fa602428e8c6985e830bb0b26","perception","visual_description","What is the visual description of the cycle or rider in front camera?","The visual description of the cycle or rider in front camera is a person riding a bike.","There is a person riding a motorcycle in front of the camera.","0.3448","0.0","0.8967","1399.0","1","CAM_FRONT","","3.82"
"02e484442a2f411b971edcf96ebbe885","dec94c9fa602428e8c6985e830bb0b26","perception","visual_description","What is the visual description of the vehicle in front-right camera?","Gray sedan.","The vehicle in front-right camera is a gray car.","0.1667","0.0","0.8812","1240.0","1","CAM_FRONT_RIGHT","F_other","3.82"
"02e484442a2f411b971edcf96ebbe885","dec94c9fa602428e8c6985e830bb0b26","perception","visual_description","What is the visual description of the vehicle in back camera?","Gray sedan.","Moving.","0.0","0.0","0.9265","832.1","1","CAM_BACK","F_other","3.82"
"02e484442a2f411b971edcf96ebbe885","dec94c9fa602428e8c6985e830bb0b26","prediction","yes_no","Is the object in front-left camera a traffic sign or a road barrier?","No.","There are no traffic signs or road barriers in the front-left camera view.","0.1333","0.0","0.8808","1560.5","1","CAM_FRONT_LEFT","F_other","3.82"
"02e484442a2f411b971edcf96ebbe885","dec94c9fa602428e8c6985e830bb0b26","prediction","which_query","Which object is most likely to be occluded by the pedestrian in front-left camera? Would this object affect the ego vehicle? Based on this object, what action of the ego vehicle is dangerous?","None, no, none.","There is a pedestrian in front-left camera. The ego vehicle should be cautious of the pedestrian's movements and ensure they maintain a safe distance. The ego vehicle should also be prepared to stop if necessary.","0.0","0.0","0.8216","3599.3","1","CAM_FRONT_LEFT","A_hallucination","3.82"
"02e484442a2f411b971edcf96ebbe885","dec94c9fa602428e8c6985e830bb0b26","prediction","other_question_type","Would the pedestrian in front-left camera be in the moving direction of the ego vehicle?","No.","No.","1.0","1.0","1.0","756.1","1","CAM_FRONT_LEFT","","3.82"
"02e484442a2f411b971edcf96ebbe885","dec94c9fa602428e8c6985e830bb0b26","prediction","what_query","What is the future state of the pedestrian in front-left camera?","Keep going straight.","There is a pedestrian in front-left camera.","0.0","0.0","0.8609","1229.7","1","CAM_FRONT_LEFT","F_other","3.82"
"02e484442a2f411b971edcf96ebbe885","dec94c9fa602428e8c6985e830bb0b26","prediction","yes_no","Is the object in front camera a traffic sign or a road barrier?","No.","No.","1.0","1.0","1.0","716.0","1","CAM_FRONT","","3.82"
"02e484442a2f411b971edcf96ebbe885","dec94c9fa602428e8c6985e830bb0b26","prediction","which_query","Which object is most likely to be occluded by the cycle or rider in front camera? Would this object affect the ego vehicle? Based on this object, what action of the ego vehicle is dangerous?","None, no, none.","There is a motorcycle and a rider in front camera. The motorcycle and rider are most likely to be occluded by the cycle or rider in front camera. This would affect the ego vehicle's decision-making process. The ego vehicle should be cautious while navigating the intersection to avoid any accidents.","0.0","0.0","0.8176","4157.1","1","CAM_FRONT","A_hallucination","3.82"
"02e484442a2f411b971edcf96ebbe885","dec94c9fa602428e8c6985e830bb0b26","prediction","other_question_type","Would the cycle or rider in front camera be in the moving direction of the ego vehicle?","No.","No.","1.0","1.0","1.0","716.6","1","CAM_FRONT","","3.82"
"02e484442a2f411b971edcf96ebbe885","dec94c9fa602428e8c6985e830bb0b26","prediction","what_query","What is the future state of the cycle or rider in front camera?","Keep going straight.","The cycle or rider in front camera is moving.","0.0","0.0","0.8594","1154.4","1","CAM_FRONT","F_other","3.82"
"02e484442a2f411b971edcf96ebbe885","dec94c9fa602428e8c6985e830bb0b26","prediction","yes_no","Is the object in front-right camera a traffic sign or a road barrier?","No.","There are no traffic signs or road barriers in the front-right camera view.","0.1333","0.0","0.8818","1469.6","1","CAM_FRONT_RIGHT","F_other","3.82"
"02e484442a2f411b971edcf96ebbe885","dec94c9fa602428e8c6985e830bb0b26","prediction","which_query","Which object is most likely to be occluded by the vehicle in front-right camera? Would this object affect the ego vehicle? Based on this object, what action of the ego vehicle is dangerous?","None, no, none.","There is a traffic light in front-right camera. The ego vehicle is moving. The traffic light is most likely to be occluded by the vehicle. The ego vehicle is moving towards the traffic light, which is dangerous.","0.0","0.0","0.8212","3022.9","1","CAM_FRONT_RIGHT","A_hallucination","3.82"
"02e484442a2f411b971edcf96ebbe885","dec94c9fa602428e8c6985e830bb0b26","prediction","other_question_type","Would the vehicle in front-right camera be in the moving direction of the ego vehicle?","No.","No.","1.0","1.0","1.0","736.2","1","CAM_FRONT_RIGHT","","3.82"
"02e484442a2f411b971edcf96ebbe885","dec94c9fa602428e8c6985e830bb0b26","prediction","what_query","What is the future state of the vehicle in front-right camera?","Keep going straight.","Moving.","0.0","0.0","0.9134","766.6","1","CAM_FRONT_RIGHT","D_incomplete","3.82"
"02e484442a2f411b971edcf96ebbe885","dec94c9fa602428e8c6985e830bb0b26","prediction","yes_no","Is the object in back camera a traffic sign or a road barrier?","No.","There are two cars in front of the object in back camera.","0.0","0.0","0.8741","1279.7","1","CAM_BACK","F_other","3.82"
"02e484442a2f411b971edcf96ebbe885","dec94c9fa602428e8c6985e830bb0b26","prediction","which_query","Which object is most likely to be occluded by the vehicle in back camera? Would this object affect the ego vehicle? Based on this object, what action of the ego vehicle is dangerous?","None, no, none.","There is a tree in front of the vehicle in the back camera. The ego vehicle is moving. The tree might be obstructing the view of the traffic sign for the ego vehicle, which could be dangerous if the driver is not aware of the sign.","0.0","0.0","0.8196","3376.8","1","CAM_BACK","A_hallucination","3.82"
"02e484442a2f411b971edcf96ebbe885","dec94c9fa602428e8c6985e830bb0b26","prediction","other_question_type","Would the vehicle in back camera be in the moving direction of the ego vehicle?","No.","No.","1.0","1.0","1.0","746.8","1","CAM_BACK","","3.82"
"02e484442a2f411b971edcf96ebbe885","dec94c9fa602428e8c6985e830bb0b26","prediction","what_query","What is the future state of the vehicle in back camera?","Keep going straight.","Moving.","0.0","0.0","0.9134","782.6","1","CAM_BACK","D_incomplete","3.82"
"02e484442a2f411b971edcf96ebbe885","dec94c9fa602428e8c6985e830bb0b26","prediction","what_query","What object should the ego vehicle notice first when the ego vehicle is getting to the next possible location? What is the state of the object that is first noticed by the ego vehicle and what action should the ego vehicle take? What object should the ego vehicle notice second when the ego vehicle is getting to the next possible location? What is the state of the object perceived by the ego vehicle as second and what action should the ego vehicle take? What object should the ego vehicle notice third? What is the state of the object perceived by the ego vehicle as third and what action should the ego vehicle take?","Firstly, notice the cycle or rider in front camera. The object is going ahead, so the ego vehicle should slow down and go ahead. Secondly, notice the pedestrian in front-left camera. The object is going ahead, so the ego vehicle should keep going ahead at the same speed. Thirdly, notice the vehicle in front-right camera. The object is going ahead, so the ego vehicle should keep going ahead at the same speed.","There are 3 traffic lights to the right. The ego vehicle should notice the traffic lights first when the ego vehicle is getting to the next possible location.","0.2353","0.0","0.8552","7926.6","3","CAM_FRONT; CAM_FRONT_LEFT; CAM_FRONT_RIGHT","C_wrong_camera","3.82"
"02e484442a2f411b971edcf96ebbe885","dec94c9fa602428e8c6985e830bb0b26","prediction","yes_no","Are the object in front-right camera and the object in back camera traffic signs?","Neither is a traffic sign.","No.","0.0","0.0","0.8958","1109.0","2","CAM_FRONT_RIGHT; CAM_BACK","D_incomplete","3.82"
"02e484442a2f411b971edcf96ebbe885","dec94c9fa602428e8c6985e830bb0b26","prediction","future_state","Will the vehicle in front-right camera be in the moving direction of the vehicle in back camera?","No.","No.","1.0","1.0","1.0","1083.9","2","CAM_FRONT_RIGHT; CAM_BACK","","3.82"
"02e484442a2f411b971edcf96ebbe885","dec94c9fa602428e8c6985e830bb0b26","prediction","future_state","Will the vehicle in front-right camera change its motion state based on the vehicle in back camera?","No.","No.","1.0","1.0","1.0","1145.3","2","CAM_FRONT_RIGHT; CAM_BACK","","3.82"
"02e484442a2f411b971edcf96ebbe885","dec94c9fa602428e8c6985e830bb0b26","prediction","other_question_type","Based on the observations of the vehicle in back camera, what are possible actions to be taken by the vehicle in front-right camera? What is the reason?","The action is to keep going at the same speed, and the reason is to avoid a collision.","The vehicle in front-right camera is moving.","0.1538","0.0","0.8578","1521.6","2","CAM_BACK; CAM_FRONT_RIGHT","F_other","3.82"
"02e484442a2f411b971edcf96ebbe885","dec94c9fa602428e8c6985e830bb0b26","prediction","what_query","What object would consider the vehicle in front-right camera to be most relevant to its decision?","The ego vehicle.","The ego vehicle.","1.0","1.0","1.0","861.9","1","CAM_FRONT_RIGHT","","3.82"
"02e484442a2f411b971edcf96ebbe885","dec94c9fa602428e8c6985e830bb0b26","prediction","other_question_type","Except for the ego vehicle, what object would consider the vehicle in front-right camera to be most relevant to its decision?","None.","None.","1.0","1.0","1.0","735.2","1","CAM_FRONT_RIGHT","","3.82"
"02e484442a2f411b971edcf96ebbe885","dec94c9fa602428e8c6985e830bb0b26","prediction","what_query","What object would consider the vehicle in back camera to be most relevant to its decision?","The ego vehicle.","There are two cars to the right.","0.2","0.0","0.8795","1036.3","1","CAM_BACK","F_other","3.82"
"02e484442a2f411b971edcf96ebbe885","dec94c9fa602428e8c6985e830bb0b26","prediction","other_question_type","Except for the ego vehicle, what object would consider the vehicle in back camera to be most relevant to its decision?","None.","None.","1.0","1.0","1.0","742.4","1","CAM_BACK","","3.82"
"02e484442a2f411b971edcf96ebbe885","dec94c9fa602428e8c6985e830bb0b26","prediction","yes_no","Are the object in front camera and the object in front-right camera traffic signs?","Neither is a traffic sign.","No.","0.0","0.0","0.8958","1093.8","2","CAM_FRONT; CAM_FRONT_RIGHT","D_incomplete","3.82"
"02e484442a2f411b971edcf96ebbe885","dec94c9fa602428e8c6985e830bb0b26","prediction","future_state","Will the cycle or rider in front camera be in the moving direction of the vehicle in front-right camera?","No.","No.","1.0","1.0","1.0","1104.1","2","CAM_FRONT; CAM_FRONT_RIGHT","","3.82"
"02e484442a2f411b971edcf96ebbe885","dec94c9fa602428e8c6985e830bb0b26","prediction","future_state","Will the cycle or rider in front camera change its motion state based on the vehicle in front-right camera?","No.","No.","1.0","1.0","1.0","1088.9","2","CAM_FRONT; CAM_FRONT_RIGHT","","3.82"
"02e484442a2f411b971edcf96ebbe885","dec94c9fa602428e8c6985e830bb0b26","prediction","other_question_type","Based on the observations of the vehicle in front-right camera, what are possible actions to be taken by the cycle or rider in front camera? What is the reason?","The action is to keep going at the same speed, the reason is to avoid a collision.","The cycle or rider in front camera should be cautious and aware of the vehicle in front-right camera. The reason is that the vehicle is moving, and the cycle or rider should maintain a safe distance to avoid any accidents.","0.2414","0.0","0.8767","3385.1","2","CAM_FRONT_RIGHT; CAM_FRONT","F_other","3.82"
"02e484442a2f411b971edcf96ebbe885","dec94c9fa602428e8c6985e830bb0b26","prediction","what_query","What object would consider the cycle or rider in front camera to be most relevant to its decision?","The ego vehicle.","The ego vehicle.","1.0","1.0","1.0","902.8","1","CAM_FRONT","","3.82"
"02e484442a2f411b971edcf96ebbe885","dec94c9fa602428e8c6985e830bb0b26","prediction","other_question_type","Except for the ego vehicle, what object would consider the cycle or rider in front camera to be most relevant to its decision?","None.","None.","1.0","1.0","1.0","793.3","1","CAM_FRONT","","3.82"
"02e484442a2f411b971edcf96ebbe885","dec94c9fa602428e8c6985e830bb0b26","prediction","what_query","What object would consider the vehicle in front-right camera to be most relevant to its decision?","The ego vehicle.","The ego vehicle.","1.0","1.0","1.0","930.6","1","CAM_FRONT_RIGHT","","3.82"
"02e484442a2f411b971edcf96ebbe885","dec94c9fa602428e8c6985e830bb0b26","prediction","other_question_type","Except for the ego vehicle, what object would consider the vehicle in front-right camera to be most relevant to its decision?","None.","None.","1.0","1.0","1.0","735.5","1","CAM_FRONT_RIGHT","","3.82"
"02e484442a2f411b971edcf96ebbe885","dec94c9fa602428e8c6985e830bb0b26","planning","yes_no","Is the pedestrian in front-left camera an object that the ego vehicle should consider in the current scene?","Yes.","Yes.","1.0","1.0","1.0","2905.3","6","CAM_FRONT; CAM_FRONT_LEFT; CAM_FRONT_RIGHT; CAM_BACK; CAM_BACK_LEFT; CAM_BACK_RIGHT","","3.82"
"02e484442a2f411b971edcf96ebbe885","dec94c9fa602428e8c6985e830bb0b26","planning","what_query","What actions could the ego vehicle take based on the pedestrian in front-left camera? Why take this action and what's the probability?","The action is to keep going at the same speed. The reason is that there is no safety issue. The probability is high.","Low.","0.0","0.0","0.879","4506.1","6","CAM_FRONT; CAM_FRONT_LEFT; CAM_FRONT_RIGHT; CAM_BACK; CAM_BACK_LEFT; CAM_BACK_RIGHT","D_incomplete","3.82"
"02e484442a2f411b971edcf96ebbe885","dec94c9fa602428e8c6985e830bb0b26","planning","what_query","What is the probability of colliding with the pedestrian in front-left camera after the ego vehicle goes straight and keeps the same speed?","Low.","Low.","1.0","1.0","1.0","2908.9","6","CAM_FRONT; CAM_FRONT_LEFT; CAM_FRONT_RIGHT; CAM_BACK; CAM_BACK_LEFT; CAM_BACK_RIGHT","","3.82"
"02e484442a2f411b971edcf96ebbe885","dec94c9fa602428e8c6985e830bb0b26","planning","what_query","What actions taken by the ego vehicle can lead to a collision with the pedestrian in front-left camera?","Moderate left turn.","The ego vehicle is accelerating and going straight.","0.0","0.0","0.8571","3727.7","6","CAM_FRONT; CAM_FRONT_LEFT; CAM_FRONT_RIGHT; CAM_BACK; CAM_BACK_LEFT; CAM_BACK_RIGHT","E_planning_error","3.82"
"02e484442a2f411b971edcf96ebbe885","dec94c9fa602428e8c6985e830bb0b26","planning","yes_no","Is the cycle or rider in front camera an object that the ego vehicle should consider in the current scene?","Yes.","Yes.","1.0","1.0","1.0","2823.7","6","CAM_FRONT; CAM_FRONT_LEFT; CAM_FRONT_RIGHT; CAM_BACK; CAM_BACK_LEFT; CAM_BACK_RIGHT","","3.82"
"02e484442a2f411b971edcf96ebbe885","dec94c9fa602428e8c6985e830bb0b26","planning","what_query","What actions could the ego vehicle take based on the cycle or rider in front camera? Why take this action and what's the probability?","The action is to keep going at the same speed. The reason is that there is no safety issue. The probability is high.","Low.","0.0","0.0","0.879","4672.5","6","CAM_FRONT; CAM_FRONT_LEFT; CAM_FRONT_RIGHT; CAM_BACK; CAM_BACK_LEFT; CAM_BACK_RIGHT","D_incomplete","3.82"
"02e484442a2f411b971edcf96ebbe885","dec94c9fa602428e8c6985e830bb0b26","planning","what_query","What is the probability of colliding with the cycle or rider in front camera after the ego vehicle goes straight and keeps the same speed?","Low.","Low.","1.0","1.0","1.0","2820.3","6","CAM_FRONT; CAM_FRONT_LEFT; CAM_FRONT_RIGHT; CAM_BACK; CAM_BACK_LEFT; CAM_BACK_RIGHT","","3.82"
"02e484442a2f411b971edcf96ebbe885","dec94c9fa602428e8c6985e830bb0b26","planning","what_query","What actions taken by the ego vehicle can lead to a collision with the cycle or rider in front camera?","Accelerate and go straight.","The ego vehicle is accelerating and going straight.","0.6667","0.0","0.8808","3686.3","6","CAM_FRONT; CAM_FRONT_LEFT; CAM_FRONT_RIGHT; CAM_BACK; CAM_BACK_LEFT; CAM_BACK_RIGHT","","3.82"
"02e484442a2f411b971edcf96ebbe885","dec94c9fa602428e8c6985e830bb0b26","planning","yes_no","Is the vehicle in front-right camera an object that the ego vehicle should consider in the current scene?","Yes.","Yes.","1.0","1.0","1.0","2846.8","6","CAM_FRONT; CAM_FRONT_LEFT; CAM_FRONT_RIGHT; CAM_BACK; CAM_BACK_LEFT; CAM_BACK_RIGHT","","3.82"
"02e484442a2f411b971edcf96ebbe885","dec94c9fa602428e8c6985e830bb0b26","planning","what_query","What actions could the ego vehicle take based on the vehicle in front-right camera? Why take this action and what's the probability?","The action is to keep going at the same speed. The reason is to maintain a safe distance, which is high.","Low.","0.0","0.0","0.8741","4756.2","6","CAM_FRONT; CAM_FRONT_LEFT; CAM_FRONT_RIGHT; CAM_BACK; CAM_BACK_LEFT; CAM_BACK_RIGHT","D_incomplete","3.82"
"02e484442a2f411b971edcf96ebbe885","dec94c9fa602428e8c6985e830bb0b26","planning","what_query","What is the probability of colliding with the vehicle in front-right camera after the ego vehicle goes straight and keeps the same speed?","Low.","Low.","1.0","1.0","1.0","2848.9","6","CAM_FRONT; CAM_FRONT_LEFT; CAM_FRONT_RIGHT; CAM_BACK; CAM_BACK_LEFT; CAM_BACK_RIGHT","","3.82"
"02e484442a2f411b971edcf96ebbe885","dec94c9fa602428e8c6985e830bb0b26","planning","what_query","What actions taken by the ego vehicle can lead to a collision with the vehicle in front-right camera?","Moderate right turn.","Accelerate and go straight actions taken by the ego vehicle can lead to a collision with the vehicle in front-right camera.","0.08","0.0","0.8474","4487.8","6","CAM_FRONT; CAM_FRONT_LEFT; CAM_FRONT_RIGHT; CAM_BACK; CAM_BACK_LEFT; CAM_BACK_RIGHT","A_hallucination","3.82"
"02e484442a2f411b971edcf96ebbe885","dec94c9fa602428e8c6985e830bb0b26","planning","yes_no","Is the vehicle in back camera an object that the ego vehicle should consider in the current scene?","Yes.","Yes.","1.0","1.0","1.0","2804.4","6","CAM_FRONT; CAM_FRONT_LEFT; CAM_FRONT_RIGHT; CAM_BACK; CAM_BACK_LEFT; CAM_BACK_RIGHT","","3.82"
"02e484442a2f411b971edcf96ebbe885","dec94c9fa602428e8c6985e830bb0b26","planning","what_query","What actions could the ego vehicle take based on the vehicle in back camera? Why take this action and what's the probability?","The action is to keep going at the same speed. The reason is to avoid a collision, which is highly probable.","High.","0.0","0.0","0.8745","4708.3","6","CAM_FRONT; CAM_FRONT_LEFT; CAM_FRONT_RIGHT; CAM_BACK; CAM_BACK_LEFT; CAM_BACK_RIGHT","D_incomplete","3.82"
"02e484442a2f411b971edcf96ebbe885","dec94c9fa602428e8c6985e830bb0b26","planning","what_query","What is the probability of colliding with the vehicle in back camera after the ego vehicle goes straight and keeps the same speed?","Low.","Low.","1.0","1.0","1.0","2821.4","6","CAM_FRONT; CAM_FRONT_LEFT; CAM_FRONT_RIGHT; CAM_BACK; CAM_BACK_LEFT; CAM_BACK_RIGHT","","3.82"
"02e484442a2f411b971edcf96ebbe885","dec94c9fa602428e8c6985e830bb0b26","planning","what_query","What actions taken by the ego vehicle can lead to a collision with the vehicle in back camera?","Brake suddenly.","Accelerate and go straight actions taken by the ego vehicle can lead to a collision with the vehicle in back camera.","0.0","0.0","0.8333","4379.8","6","CAM_FRONT; CAM_FRONT_LEFT; CAM_FRONT_RIGHT; CAM_BACK; CAM_BACK_LEFT; CAM_BACK_RIGHT","A_hallucination","3.82"
"02e484442a2f411b971edcf96ebbe885","dec94c9fa602428e8c6985e830bb0b26","planning","what_query","What is the traffic signal that the ego vehicle should pay attention to?","Crosswalk.","The traffic signal that the ego vehicle should pay attention to is the one in front of the vehicle.","0.0","0.0","0.8477","3695.0","6","CAM_FRONT; CAM_FRONT_LEFT; CAM_FRONT_RIGHT; CAM_BACK; CAM_BACK_LEFT; CAM_BACK_RIGHT","A_hallucination","3.82"
"02e484442a2f411b971edcf96ebbe885","dec94c9fa602428e8c6985e830bb0b26","planning","what_query","What is the target action of the ego vehicle?","Turn left.","The target action of the ego vehicle is to keep going at the same speed.","0.0","0.0","0.8602","3572.4","6","CAM_FRONT; CAM_FRONT_LEFT; CAM_FRONT_RIGHT; CAM_BACK; CAM_BACK_LEFT; CAM_BACK_RIGHT","E_planning_error","3.82"
"02e484442a2f411b971edcf96ebbe885","dec94c9fa602428e8c6985e830bb0b26","planning","other_question_type","In this scenario, what are safe actions to take for the ego vehicle?","Decelerate gradually without braking, and brake gently to a stop.","In this scenario, the ego vehicle should maintain a safe distance from the vehicle in front camera. This can be achieved by accelerating and going straight.","0.0556","0.0","0.8597","4926.2","6","CAM_FRONT; CAM_FRONT_LEFT; CAM_FRONT_RIGHT; CAM_BACK; CAM_BACK_LEFT; CAM_BACK_RIGHT","A_hallucination","3.82"
"02e484442a2f411b971edcf96ebbe885","dec94c9fa602428e8c6985e830bb0b26","planning","other_question_type","In this scenario, what are dangerous actions to take for the ego vehicle?","Accelerate and go ahead, brake suddenly.","High.","0.0","0.0","0.8685","5732.7","6","CAM_FRONT; CAM_FRONT_LEFT; CAM_FRONT_RIGHT; CAM_BACK; CAM_BACK_LEFT; CAM_BACK_RIGHT","D_incomplete","3.82"
"02e484442a2f411b971edcf96ebbe885","dec94c9fa602428e8c6985e830bb0b26","planning","what_query","What is the priority of the objects that the ego vehicle should consider?(in descending order)","The priority of the objects that the ego vehicle should consider (in descending order) is the cycle or rider in front camera, the pedestrian in front-left camera, the vehicle in front-right camera, the vehicle in back camera.","There are 5 cars to the left.","0.087","0.0","0.8436","3531.6","6","CAM_FRONT; CAM_FRONT_LEFT; CAM_FRONT_RIGHT; CAM_BACK; CAM_BACK_LEFT; CAM_BACK_RIGHT","C_wrong_camera","3.82"
"02e484442a2f411b971edcf96ebbe885","dec94c9fa602428e8c6985e830bb0b26","behavior","ego_behavior_prediction","Predict the behavior of the ego vehicle.","The ego vehicle is going straight. The ego vehicle is driving with normal speed.","The ego vehicle is going straight. The ego vehicle is driving fast.","0.8462","0.0","0.9718","3421.8","6","CAM_FRONT; CAM_FRONT_LEFT; CAM_FRONT_RIGHT; CAM_BACK; CAM_BACK_LEFT; CAM_BACK_RIGHT","","3.82"
"02e484442a2f411b971edcf96ebbe885","6c2b6d6b9c6c42179ce63671ea135f34","perception","object_enumeration","What are objects to the back left of the ego car?","There is one pedestrian to the back left of the ego car.","There are many pedestrians and two cars behind the ego car.","0.4348","0.0","0.9274","3436.9","6","CAM_FRONT; CAM_FRONT_LEFT; CAM_FRONT_RIGHT; CAM_BACK; CAM_BACK_LEFT; CAM_BACK_RIGHT","","3.82"
"02e484442a2f411b971edcf96ebbe885","6c2b6d6b9c6c42179ce63671ea135f34","perception","status_query","What is the status of the pedestrian that is to the back left of the ego car?","The pedestrian to the back left of the ego car is moving.","Moving.","0.1538","0.0","0.8748","2808.8","6","CAM_FRONT; CAM_FRONT_LEFT; CAM_FRONT_RIGHT; CAM_BACK; CAM_BACK_LEFT; CAM_BACK_RIGHT","D_incomplete","3.82"
"02e484442a2f411b971edcf96ebbe885","6c2b6d6b9c6c42179ce63671ea135f34","perception","object_enumeration","What are objects to the front left of the ego car?","There are three pedestrians to the front left of the ego car.","There are two cars and two pedestrians to the front left of the ego car.","0.8148","0.0","0.9773","3675.8","6","CAM_FRONT; CAM_FRONT_LEFT; CAM_FRONT_RIGHT; CAM_BACK; CAM_BACK_LEFT; CAM_BACK_RIGHT","","3.82"
"02e484442a2f411b971edcf96ebbe885","6c2b6d6b9c6c42179ce63671ea135f34","perception","status_query","What is the status of the pedestrians that are to the front left of the ego car?","Three pedestrians are moving.","There are many pedestrians and two cars behind the ego car.","0.1333","0.0","0.8961","3478.6","6","CAM_FRONT; CAM_FRONT_LEFT; CAM_FRONT_RIGHT; CAM_BACK; CAM_BACK_LEFT; CAM_BACK_RIGHT","F_other","3.82"
"02e484442a2f411b971edcf96ebbe885","6c2b6d6b9c6c42179ce63671ea135f34","perception","object_enumeration","What are objects to the back of the ego car?","There are many cars and one truck behind the ego car.","There are many pedestrians and two cars behind the ego car.","0.7273","0.0","0.9608","3466.6","6","CAM_FRONT; CAM_FRONT_LEFT; CAM_FRONT_RIGHT; CAM_BACK; CAM_BACK_LEFT; CAM_BACK_RIGHT","","3.82"
"02e484442a2f411b971edcf96ebbe885","6c2b6d6b9c6c42179ce63671ea135f34","perception","status_query","What is the status of the cars that are to the back of the ego car?","Many cars are moving, and one is parked.","There are two cars behind the ego car.","0.125","0.0","0.8971","3220.8","6","CAM_FRONT; CAM_FRONT_LEFT; CAM_FRONT_RIGHT; CAM_BACK; CAM_BACK_LEFT; CAM_BACK_RIGHT","F_other","3.82"
"02e484442a2f411b971edcf96ebbe885","6c2b6d6b9c6c42179ce63671ea135f34","perception","object_enumeration","What are objects to the front of the ego car?","There are many cars, one pedestrian, and one motorcycle in front of the ego car.","There are two cars and two pedestrians in front of the ego car.","0.7143","0.0","0.9555","3818.7","6","CAM_FRONT; CAM_FRONT_LEFT; CAM_FRONT_RIGHT; CAM_BACK; CAM_BACK_LEFT; CAM_BACK_RIGHT","","3.82"
"02e484442a2f411b971edcf96ebbe885","6c2b6d6b9c6c42179ce63671ea135f34","perception","status_query","What is the status of the cars that are to the front of the ego car?","One of the cars is moving, and three are parked.","There are two cars in front of the ego car.","0.3","0.0","0.8866","3289.5","6","CAM_FRONT; CAM_FRONT_LEFT; CAM_FRONT_RIGHT; CAM_BACK; CAM_BACK_LEFT; CAM_BACK_RIGHT","","3.82"
"02e484442a2f411b971edcf96ebbe885","6c2b6d6b9c6c42179ce63671ea135f34","perception","object_enumeration","What are objects to the front right of the ego car?","There are two pedestrians to the front right of the ego car.","There are two cars and a pedestrian to the front right of the ego car.","0.8889","0.0","0.9717","3800.0","6","CAM_FRONT; CAM_FRONT_LEFT; CAM_FRONT_RIGHT; CAM_BACK; CAM_BACK_LEFT; CAM_BACK_RIGHT","","3.82"
"02e484442a2f411b971edcf96ebbe885","6c2b6d6b9c6c42179ce63671ea135f34","perception","status_query","What is the status of the pedestrians that are to the front right of the ego car?","Two pedestrians are moving.","There are two pedestrians to the front right of the ego car.","0.25","0.0","0.8961","3638.8","6","CAM_FRONT; CAM_FRONT_LEFT; CAM_FRONT_RIGHT; CAM_BACK; CAM_BACK_LEFT; CAM_BACK_RIGHT","F_other","3.82"
"02e484442a2f411b971edcf96ebbe885","6c2b6d6b9c6c42179ce63671ea135f34","perception","object_enumeration","What are objects to the back right of the ego car?","There are one pedestrian, two cars, and one traffic cone to the back right of the ego car.","There are two cars behind the ego car.","0.5385","0.0","0.9189","3246.7","6","CAM_FRONT; CAM_FRONT_LEFT; CAM_FRONT_RIGHT; CAM_BACK; CAM_BACK_LEFT; CAM_BACK_RIGHT","","3.82"
"02e484442a2f411b971edcf96ebbe885","6c2b6d6b9c6c42179ce63671ea135f34","perception","status_query","What is the status of the pedestrian that is to the back right of the ego car?","The pedestrian to the back right of the ego car is moving.","Moving.","0.1538","0.0","0.8744","2800.4","6","CAM_FRONT; CAM_FRONT_LEFT; CAM_FRONT_RIGHT; CAM_BACK; CAM_BACK_LEFT; CAM_BACK_RIGHT","D_incomplete","3.82"
"02e484442a2f411b971edcf96ebbe885","6c2b6d6b9c6c42179ce63671ea135f34","perception","status_query","What is the status of the pedestrian that is to the front of the ego car?","One pedestrian is moving.","There is a person walking in front of the ego car.","0.1333","0.0","0.8941","3517.1","6","CAM_FRONT; CAM_FRONT_LEFT; CAM_FRONT_RIGHT; CAM_BACK; CAM_BACK_LEFT; CAM_BACK_RIGHT","F_other","3.82"
"02e484442a2f411b971edcf96ebbe885","6c2b6d6b9c6c42179ce63671ea135f34","perception","status_query","What is the status of the motorcycle that is to the front of the ego car?","One motorcycle is with a rider.","There is a motorcycle in front of the ego car.","0.25","0.0","0.8923","3351.4","6","CAM_FRONT; CAM_FRONT_LEFT; CAM_FRONT_RIGHT; CAM_BACK; CAM_BACK_LEFT; CAM_BACK_RIGHT","F_other","3.82"
"02e484442a2f411b971edcf96ebbe885","6c2b6d6b9c6c42179ce63671ea135f34","perception","status_query","What is the status of the cars that are to the back right of the ego car?","Two cars are parked.","There are two cars behind the ego car.","0.3333","0.0","0.9077","3131.7","6","CAM_FRONT; CAM_FRONT_LEFT; CAM_FRONT_RIGHT; CAM_BACK; CAM_BACK_LEFT; CAM_BACK_RIGHT","","3.82"
"02e484442a2f411b971edcf96ebbe885","6c2b6d6b9c6c42179ce63671ea135f34","perception","status_query","What is the status of the truck that is to the back of the ego car?","One truck is moving.","Moving.","0.4","0.0","0.9016","2735.3","6","CAM_FRONT; CAM_FRONT_LEFT; CAM_FRONT_RIGHT; CAM_BACK; CAM_BACK_LEFT; CAM_BACK_RIGHT","","3.82"
"02e484442a2f411b971edcf96ebbe885","6c2b6d6b9c6c42179ce63671ea135f34","perception","yes_no","Are there motorcycles without riders to the front left of the ego car?","No.","No.","1.0","1.0","1.0","2587.2","6","CAM_FRONT; CAM_FRONT_LEFT; CAM_FRONT_RIGHT; CAM_BACK; CAM_BACK_LEFT; CAM_BACK_RIGHT","","3.82"
"02e484442a2f411b971edcf96ebbe885","6c2b6d6b9c6c42179ce63671ea135f34","perception","yes_no","Are there moving pedestrians to the front left of the ego car?","Yes.","Yes.","1.0","1.0","1.0","2584.6","6","CAM_FRONT; CAM_FRONT_LEFT; CAM_FRONT_RIGHT; CAM_BACK; CAM_BACK_LEFT; CAM_BACK_RIGHT","","3.82"
"02e484442a2f411b971edcf96ebbe885","6c2b6d6b9c6c42179ce63671ea135f34","perception","yes_no","Are there motorcycles with riders to the front of the ego car?","Yes.","No.","0.0","0.0","0.9945","2587.8","6","CAM_FRONT; CAM_FRONT_LEFT; CAM_FRONT_RIGHT; CAM_BACK; CAM_BACK_LEFT; CAM_BACK_RIGHT","F_other","3.82"
"02e484442a2f411b971edcf96ebbe885","6c2b6d6b9c6c42179ce63671ea135f34","perception","yes_no","Are there moving cars to the front of the ego car?","Yes.","Yes.","1.0","1.0","1.0","2599.1","6","CAM_FRONT; CAM_FRONT_LEFT; CAM_FRONT_RIGHT; CAM_BACK; CAM_BACK_LEFT; CAM_BACK_RIGHT","","3.82"
"02e484442a2f411b971edcf96ebbe885","6c2b6d6b9c6c42179ce63671ea135f34","perception","yes_no","Are there parked cars to the back right of the ego car?","Yes.","Yes.","1.0","1.0","1.0","2600.1","6","CAM_FRONT; CAM_FRONT_LEFT; CAM_FRONT_RIGHT; CAM_BACK; CAM_BACK_LEFT; CAM_BACK_RIGHT","","3.82"
"02e484442a2f411b971edcf96ebbe885","6c2b6d6b9c6c42179ce63671ea135f34","perception","yes_no","Are there moving cars to the back of the ego car?","Yes.","Yes.","1.0","1.0","1.0","2612.2","6","CAM_FRONT; CAM_FRONT_LEFT; CAM_FRONT_RIGHT; CAM_BACK; CAM_BACK_LEFT; CAM_BACK_RIGHT","","3.82"
"02e484442a2f411b971edcf96ebbe885","6c2b6d6b9c6c42179ce63671ea135f34","perception","yes_no","Are there parked cars to the front of the ego car?","Yes.","No.","0.0","0.0","0.9945","2616.4","6","CAM_FRONT; CAM_FRONT_LEFT; CAM_FRONT_RIGHT; CAM_BACK; CAM_BACK_LEFT; CAM_BACK_RIGHT","F_other","3.82"
"02e484442a2f411b971edcf96ebbe885","6c2b6d6b9c6c42179ce63671ea135f34","perception","yes_no","Are there moving pedestrians to the front right of the ego car?","Yes.","Yes.","1.0","1.0","1.0","2610.4","6","CAM_FRONT; CAM_FRONT_LEFT; CAM_FRONT_RIGHT; CAM_BACK; CAM_BACK_LEFT; CAM_BACK_RIGHT","","3.82"
"02e484442a2f411b971edcf96ebbe885","6c2b6d6b9c6c42179ce63671ea135f34","perception","yes_no","Are there traffic cones to the back right of the ego car?","Yes.","No.","0.0","0.0","0.9945","2621.0","6","CAM_FRONT; CAM_FRONT_LEFT; CAM_FRONT_RIGHT; CAM_BACK; CAM_BACK_LEFT; CAM_BACK_RIGHT","F_other","3.82"
"02e484442a2f411b971edcf96ebbe885","6c2b6d6b9c6c42179ce63671ea135f34","perception","yes_no","Are there moving trucks to the back of the ego car?","Yes.","Yes.","1.0","1.0","1.0","2541.6","6","CAM_FRONT; CAM_FRONT_LEFT; CAM_FRONT_RIGHT; CAM_BACK; CAM_BACK_LEFT; CAM_BACK_RIGHT","","3.82"
"02e484442a2f411b971edcf96ebbe885","6c2b6d6b9c6c42179ce63671ea135f34","perception","other_question_type","Please describe the current scene.","There are three moving cars behind the ego car, two parked cars in front of the ego car, and one motorcycle with a rider in front of the ego car.","The scene is a busy street with multiple cars and pedestrians. There are two cars behind the ego car, and many pedestrians are standing and moving.","0.2857","0.0","0.8921","5416.4","6","CAM_FRONT; CAM_FRONT_LEFT; CAM_FRONT_RIGHT; CAM_BACK; CAM_BACK_LEFT; CAM_BACK_RIGHT","B_wrong_status","3.82"
"02e484442a2f411b971edcf96ebbe885","6c2b6d6b9c6c42179ce63671ea135f34","perception","what_query","What is the relative positioning of the important objects in the current scene?","the vehicle in back camera is at the back of the cycle or rider in front camera, the vehicle in back camera is at the back of the cycle or rider in front camera, the vehicle in front camera is at the back of the cycle or rider in front camera, the vehicle in front camera is at the front of the vehicle in back camera, the vehicle in back camera is at the front left of the vehicle in back camera and the vehicle in front camera is at the front of the vehicle in back camera.","There are many pedestrians and two cars behind the ego car.","0.0367","0.0","0.8099","1842.6","2","CAM_BACK; CAM_FRONT","D_incomplete","3.82"
"02e484442a2f411b971edcf96ebbe885","6c2b6d6b9c6c42179ce63671ea135f34","perception","yes_no","Is there any traffic element in the front view?","No, there are no traffic elements in the front view.","Yes.","0.0","0.0","0.9059","2593.3","6","CAM_FRONT; CAM_FRONT_LEFT; CAM_FRONT_RIGHT; CAM_BACK; CAM_BACK_LEFT; CAM_BACK_RIGHT","D_incomplete","3.82"
"02e484442a2f411b971edcf96ebbe885","6c2b6d6b9c6c42179ce63671ea135f34","perception","which_query","Which lanes are each important object on in the scene?","the vehicle in back camera is in the ego lane.","Cam Back.","0.1667","0.0","0.859","740.5","1","CAM_BACK","D_incomplete","3.82"
"02e484442a2f411b971edcf96ebbe885","6c2b6d6b9c6c42179ce63671ea135f34","perception","what_query","What are the important objects in the current scene? Those objects will be considered for the future reasoning and driving decision.","There is a person riding a motorcycle to the front of the ego vehicle, a silver sedan to the back of the ego vehicle, a brown sedan car to the back of the ego vehicle, and a blue van to the front of the ego vehicle. The IDs of these objects are the cycle or rider in front camera, the vehicle in back camera, the vehicle in back camera, and the vehicle in front camera.","There are many pedestrians and two cars behind the ego car.","0.093","0.0","0.8354","1846.0","2","CAM_FRONT; CAM_BACK","D_incomplete","3.82"
"02e484442a2f411b971edcf96ebbe885","6c2b6d6b9c6c42179ce63671ea135f34","perception","what_query","What is the observed status of the cycle or rider in front camera?","Moving.","Moving.","1.0","1.0","1.0","790.4","1","CAM_FRONT","","3.82"
"02e484442a2f411b971edcf96ebbe885","6c2b6d6b9c6c42179ce63671ea135f34","perception","what_query","What is the moving status of the cycle or rider in front camera?","Going ahead.","Moving.","0.0","0.0","0.9201","815.1","1","CAM_FRONT","F_other","3.82"
"02e484442a2f411b971edcf96ebbe885","6c2b6d6b9c6c42179ce63671ea135f34","perception","what_query","What is the observed status of the vehicle in back camera?","Moving.","Moving.","1.0","1.0","1.0","813.6","1","CAM_BACK","","3.82"
"02e484442a2f411b971edcf96ebbe885","6c2b6d6b9c6c42179ce63671ea135f34","perception","what_query","What is the moving status of the vehicle in back camera?","Turn right.","Moving.","0.0","0.0","0.928","846.4","1","CAM_BACK","F_other","3.82"
"02e484442a2f411b971edcf96ebbe885","6c2b6d6b9c6c42179ce63671ea135f34","perception","what_query","What is the observed status of the vehicle in back camera?","Moving.","Moving.","1.0","1.0","1.0","832.3","1","CAM_BACK","","3.82"
"02e484442a2f411b971edcf96ebbe885","6c2b6d6b9c6c42179ce63671ea135f34","perception","what_query","What is the moving status of the vehicle in back camera?","Going ahead.","Moving.","0.0","0.0","0.9201","810.4","1","CAM_BACK","F_other","3.82"
"02e484442a2f411b971edcf96ebbe885","6c2b6d6b9c6c42179ce63671ea135f34","perception","what_query","What is the observed status of the vehicle in front camera?","Stationary.","Moving.","0.0","0.0","0.9269","837.3","1","CAM_FRONT","B_wrong_status","3.82"
"02e484442a2f411b971edcf96ebbe885","6c2b6d6b9c6c42179ce63671ea135f34","perception","visual_description","What is the visual description of the cycle or rider in front camera?","Person riding a motorcycle.","There is a person riding a bicycle in front of the ego car.","0.3529","0.0","0.9004","1627.2","1","CAM_FRONT","","3.82"
"02e484442a2f411b971edcf96ebbe885","6c2b6d6b9c6c42179ce63671ea135f34","perception","visual_description","What is the visual description of the vehicle in back camera?","Silver sedan.","Moving.","0.0","0.0","0.9253","810.0","1","CAM_BACK","F_other","3.82"
"02e484442a2f411b971edcf96ebbe885","6c2b6d6b9c6c42179ce63671ea135f34","perception","visual_description","What is the visual description of the vehicle in back camera?","Brown sedan car.","Moving.","0.0","0.0","0.907","835.4","1","CAM_BACK","D_incomplete","3.82"
"02e484442a2f411b971edcf96ebbe885","6c2b6d6b9c6c42179ce63671ea135f34","perception","visual_description","What is the visual description of the vehicle in front camera?","Blue van.","There is a blue van in front of the camera.","0.3333","0.0","0.914","1330.3","1","CAM_FRONT","","3.82"
"02e484442a2f411b971edcf96ebbe885","6c2b6d6b9c6c42179ce63671ea135f34","prediction","yes_no","Is the object in front camera a traffic sign or a road barrier?","No.","No.","1.0","1.0","1.0","759.5","1","CAM_FRONT","","3.82"
"02e484442a2f411b971edcf96ebbe885","6c2b6d6b9c6c42179ce63671ea135f34","prediction","which_query","Which object is most likely to be occluded by the cycle or rider in front camera? Would this object affect the ego vehicle? Based on this object, what action of the ego vehicle is dangerous?","None, no, none.","There is a person riding a bicycle in front of the ego vehicle. The bicycle and rider are most likely to be occluded by the cycle or rider in front camera.","0.0","0.0","0.8105","6413.7","1","CAM_FRONT","A_hallucination","3.82"
"02e484442a2f411b971edcf96ebbe885","6c2b6d6b9c6c42179ce63671ea135f34","prediction","other_question_type","Would the cycle or rider in front camera be in the moving direction of the ego vehicle?","Yes.","No.","0.0","0.0","0.9945","712.6","1","CAM_FRONT","F_other","3.82"
"02e484442a2f411b971edcf96ebbe885","6c2b6d6b9c6c42179ce63671ea135f34","prediction","what_query","What is the future state of the cycle or rider in front camera?","Keep going straight.","The cycle or rider in front camera is moving.","0.0","0.0","0.8594","1143.3","1","CAM_FRONT","F_other","3.82"
"02e484442a2f411b971edcf96ebbe885","6c2b6d6b9c6c42179ce63671ea135f34","prediction","yes_no","Is the object in back camera a traffic sign or a road barrier?","No.","There are two traffic lights in the image.","0.0","0.0","0.8907","1058.7","1","CAM_BACK","F_other","3.82"
"02e484442a2f411b971edcf96ebbe885","6c2b6d6b9c6c42179ce63671ea135f34","prediction","which_query","Which object is most likely to be occluded by the vehicle in back camera? Would this object affect the ego vehicle? Based on this object, what action of the ego vehicle is dangerous?","None, no, none.","There are two cars in front of the ego vehicle. The car in front of the ego vehicle is most likely to be occluded by the vehicle in back camera.","0.0","0.0","0.8211","5987.2","1","CAM_BACK","A_hallucination","3.82"
"02e484442a2f411b971edcf96ebbe885","6c2b6d6b9c6c42179ce63671ea135f34","prediction","other_question_type","Would the vehicle in back camera be in the moving direction of the ego vehicle?","No.","No.","1.0","1.0","1.0","722.9","1","CAM_BACK","","3.82"
"02e484442a2f411b971edcf96ebbe885","6c2b6d6b9c6c42179ce63671ea135f34","prediction","what_query","What is the future state of the vehicle in back camera?","Turn left.","Moving.","0.0","0.0","0.9202","764.6","1","CAM_BACK","F_other","3.82"
"02e484442a2f411b971edcf96ebbe885","6c2b6d6b9c6c42179ce63671ea135f34","prediction","yes_no","Is the object in back camera a traffic sign or a road barrier?","No.","There are two traffic lights in the image.","0.0","0.0","0.8907","1073.0","1","CAM_BACK","F_other","3.82"
"02e484442a2f411b971edcf96ebbe885","6c2b6d6b9c6c42179ce63671ea135f34","prediction","which_query","Which object is most likely to be occluded by the vehicle in back camera? Would this object affect the ego vehicle? Based on this object, what action of the ego vehicle is dangerous?","None, no, none.","There are two cars in front of the ego vehicle. The car in front of the ego vehicle is most likely to be occluded by the vehicle in back camera.","0.0","0.0","0.8211","6067.3","1","CAM_BACK","A_hallucination","3.82"
"02e484442a2f411b971edcf96ebbe885","6c2b6d6b9c6c42179ce63671ea135f34","prediction","other_question_type","Would the vehicle in back camera be in the moving direction of the ego vehicle?","No.","No.","1.0","1.0","1.0","726.1","1","CAM_BACK","","3.82"
"02e484442a2f411b971edcf96ebbe885","6c2b6d6b9c6c42179ce63671ea135f34","prediction","what_query","What is the future state of the vehicle in back camera?","Keep going straight.","Moving.","0.0","0.0","0.9134","771.8","1","CAM_BACK","D_incomplete","3.82"
"02e484442a2f411b971edcf96ebbe885","6c2b6d6b9c6c42179ce63671ea135f34","prediction","yes_no","Is the object in front camera a traffic sign or a road barrier?","No.","No.","1.0","1.0","1.0","724.6","1","CAM_FRONT","","3.82"
"02e484442a2f411b971edcf96ebbe885","6c2b6d6b9c6c42179ce63671ea135f34","prediction","other_question_type","Would the vehicle in front camera be in the moving direction of the ego vehicle?","Yes.","No.","0.0","0.0","0.9945","728.0","1","CAM_FRONT","F_other","3.82"
"02e484442a2f411b971edcf96ebbe885","6c2b6d6b9c6c42179ce63671ea135f34","prediction","what_query","What is the future state of the vehicle in front camera?","Stationary.","Moving.","0.0","0.0","0.9269","767.4","1","CAM_FRONT","B_wrong_status","3.82"
"02e484442a2f411b971edcf96ebbe885","6c2b6d6b9c6c42179ce63671ea135f34","prediction","what_query","What object should the ego vehicle notice first when the ego vehicle is getting to the next possible location? What is the state of the object that is first noticed by the ego vehicle and what action should the ego vehicle take? What object should the ego vehicle notice second when the ego vehicle is getting to the next possible location? What is the state of the object perceived by the ego vehicle as second and what action should the ego vehicle take? What object should the ego vehicle notice third? What is the state of the object perceived by the ego vehicle as third and what action should the ego vehicle take?","Firstly, notice that the vehicle in front camera. The object is going ahead, so the ego vehicle should slightly offset to the right in maneuvering. Secondly, notice that the cycle or rider in front camera. The object is going ahead, so the ego vehicle should slightly offset to the right in maneuvering. Thirdly, notice that the vehicle in back camera. The object is turning left, so the ego vehicle should keep going ahead at the same speed.","There are 3 cars to the front. The ego vehicle should notice the first car first, which is parked.","0.2083","0.0","0.8517","4709.6","2","CAM_FRONT; CAM_BACK","C_wrong_camera","3.82"
"02e484442a2f411b971edcf96ebbe885","6c2b6d6b9c6c42179ce63671ea135f34","prediction","yes_no","Are the object in back camera and the object in front camera traffic signs?","Neither is a traffic sign.","No.","0.0","0.0","0.8958","1086.3","2","CAM_BACK; CAM_FRONT","D_incomplete","3.82"
"02e484442a2f411b971edcf96ebbe885","6c2b6d6b9c6c42179ce63671ea135f34","prediction","future_state","Will the vehicle in back camera be in the moving direction of the vehicle in front camera?","No.","No.","1.0","1.0","1.0","1097.7","2","CAM_BACK; CAM_FRONT","","3.82"
"02e484442a2f411b971edcf96ebbe885","6c2b6d6b9c6c42179ce63671ea135f34","prediction","future_state","Will the vehicle in back camera change its motion state based on the vehicle in front camera?","No.","No.","1.0","1.0","1.0","1100.4","2","CAM_BACK; CAM_FRONT","","3.82"
"02e484442a2f411b971edcf96ebbe885","6c2b6d6b9c6c42179ce63671ea135f34","prediction","other_question_type","Based on the observations of the vehicle in front camera, what are possible actions to be taken by the vehicle in back camera? What is the reason?","The action is to keep going at the same speed; the reason is that there is no safety issue.","The vehicle in front camera is moving. The vehicle in back camera should consider the traffic element in front camera to be most relevant to its decision. The vehicle in back camera should plan to slow down or stop to avoid a collision.","0.129","0.0","0.8441","3255.9","2","CAM_FRONT; CAM_BACK","F_other","3.82"
"02e484442a2f411b971edcf96ebbe885","6c2b6d6b9c6c42179ce63671ea135f34","prediction","what_query","What object would consider the vehicle in back camera to be most relevant to its decision?","None.","There are two cars to the right.","0.0","0.0","0.8979","1065.5","1","CAM_BACK","F_other","3.82"
"02e484442a2f411b971edcf96ebbe885","6c2b6d6b9c6c42179ce63671ea135f34","prediction","what_query","What object would consider the vehicle in front camera to be most relevant to its decision?","The ego vehicle.","The ego vehicle.","1.0","1.0","1.0","932.9","1","CAM_FRONT","","3.82"
"02e484442a2f411b971edcf96ebbe885","6c2b6d6b9c6c42179ce63671ea135f34","prediction","other_question_type","Except for the ego vehicle, what object would consider the vehicle in front camera to be most relevant to its decision?","the vehicle in back camera.","None.","0.0","0.0","0.8901","1135.9","2","CAM_FRONT; CAM_BACK","D_incomplete","3.82"
"02e484442a2f411b971edcf96ebbe885","6c2b6d6b9c6c42179ce63671ea135f34","prediction","yes_no","Are the object in back camera and the object in front camera traffic signs?","Neither is a traffic sign.","No.","0.0","0.0","0.8958","1129.2","2","CAM_BACK; CAM_FRONT","D_incomplete","3.82"
"02e484442a2f411b971edcf96ebbe885","6c2b6d6b9c6c42179ce63671ea135f34","prediction","future_state","Will the vehicle in back camera be in the moving direction of the vehicle in front camera?","No.","No.","1.0","1.0","1.0","1091.9","2","CAM_BACK; CAM_FRONT","","3.82"
"02e484442a2f411b971edcf96ebbe885","6c2b6d6b9c6c42179ce63671ea135f34","prediction","future_state","Will the vehicle in back camera change its motion state based on the vehicle in front camera?","Yes.","No.","0.0","0.0","0.9945","1084.8","2","CAM_BACK; CAM_FRONT","F_other","3.82"
"02e484442a2f411b971edcf96ebbe885","6c2b6d6b9c6c42179ce63671ea135f34","prediction","other_question_type","Based on the observations of the vehicle in front camera, what are possible actions to be taken by the vehicle in back camera? What is the reason?","The action is to keep going at the same speed; the reason is there is no safety issue.","The vehicle in front camera is moving. The vehicle in back camera should consider the traffic element in front camera to be most relevant to its decision. The vehicle in back camera should plan to slow down or stop to avoid a collision.","0.1311","0.0","0.8459","3330.6","2","CAM_FRONT; CAM_BACK","F_other","3.82"
"02e484442a2f411b971edcf96ebbe885","6c2b6d6b9c6c42179ce63671ea135f34","prediction","what_query","What object would consider the vehicle in back camera to be most relevant to its decision?","None.","There are two cars to the right.","0.0","0.0","0.8979","1036.5","1","CAM_BACK","F_other","3.82"
"02e484442a2f411b971edcf96ebbe885","6c2b6d6b9c6c42179ce63671ea135f34","prediction","what_query","What object would consider the vehicle in front camera to be most relevant to its decision?","The ego vehicle.","The ego vehicle.","1.0","1.0","1.0","874.7","1","CAM_FRONT","","3.82"
"02e484442a2f411b971edcf96ebbe885","6c2b6d6b9c6c42179ce63671ea135f34","prediction","other_question_type","Except for the ego vehicle, what object would consider the vehicle in front camera to be most relevant to its decision?","the vehicle in back camera.","None.","0.0","0.0","0.8901","1086.7","2","CAM_FRONT; CAM_BACK","D_incomplete","3.82"
"02e484442a2f411b971edcf96ebbe885","6c2b6d6b9c6c42179ce63671ea135f34","planning","yes_no","Is the cycle or rider in front camera an object that the ego vehicle should consider in the current scene?","Yes.","Yes.","1.0","1.0","1.0","2878.4","6","CAM_FRONT; CAM_FRONT_LEFT; CAM_FRONT_RIGHT; CAM_BACK; CAM_BACK_LEFT; CAM_BACK_RIGHT","","3.82"
"02e484442a2f411b971edcf96ebbe885","6c2b6d6b9c6c42179ce63671ea135f34","planning","what_query","What actions could the ego vehicle take based on the cycle or rider in front camera? Why take this action and what's the probability?","The action is to decelerate gradually without braking because there is no safety issue. The probability of taking this action is high.","Low.","0.0","0.0","0.8749","4828.0","6","CAM_FRONT; CAM_FRONT_LEFT; CAM_FRONT_RIGHT; CAM_BACK; CAM_BACK_LEFT; CAM_BACK_RIGHT","D_incomplete","3.82"
"02e484442a2f411b971edcf96ebbe885","6c2b6d6b9c6c42179ce63671ea135f34","planning","what_query","What is the probability of colliding with the cycle or rider in front camera after the ego vehicle accelerates and goes straight?","Low.","High.","0.0","0.0","0.9778","2835.8","6","CAM_FRONT; CAM_FRONT_LEFT; CAM_FRONT_RIGHT; CAM_BACK; CAM_BACK_LEFT; CAM_BACK_RIGHT","E_planning_error","3.82"
"02e484442a2f411b971edcf96ebbe885","6c2b6d6b9c6c42179ce63671ea135f34","planning","what_query","What actions taken by the ego vehicle can lead to a collision with the cycle or rider in front camera?","Slight right turn.","The ego vehicle is accelerating and going straight, which can lead to a collision with the cycle or rider in front camera.","0.0","0.0","0.856","4482.7","6","CAM_FRONT; CAM_FRONT_LEFT; CAM_FRONT_RIGHT; CAM_BACK; CAM_BACK_LEFT; CAM_BACK_RIGHT","A_hallucination","3.82"
"02e484442a2f411b971edcf96ebbe885","6c2b6d6b9c6c42179ce63671ea135f34","planning","yes_no","Is the vehicle in back camera an object that the ego vehicle should consider in the current scene?","Yes.","Yes.","1.0","1.0","1.0","2828.5","6","CAM_FRONT; CAM_FRONT_LEFT; CAM_FRONT_RIGHT; CAM_BACK; CAM_BACK_LEFT; CAM_BACK_RIGHT","","3.82"
"02e484442a2f411b971edcf96ebbe885","6c2b6d6b9c6c42179ce63671ea135f34","planning","what_query","What actions could the ego vehicle take based on the vehicle in back camera? Why take this action and what's the probability?","The action is to keep going at the same speed because the object has little reference value for the ego vehicle, with a high probability.","High.","0.0769","0.0","0.8739","4802.3","6","CAM_FRONT; CAM_FRONT_LEFT; CAM_FRONT_RIGHT; CAM_BACK; CAM_BACK_LEFT; CAM_BACK_RIGHT","D_incomplete","3.82"
"02e484442a2f411b971edcf96ebbe885","6c2b6d6b9c6c42179ce63671ea135f34","planning","what_query","What is the probability of colliding with the vehicle in back camera after the ego vehicle accelerates and goes straight?","Low.","High.","0.0","0.0","0.9778","2854.3","6","CAM_FRONT; CAM_FRONT_LEFT; CAM_FRONT_RIGHT; CAM_BACK; CAM_BACK_LEFT; CAM_BACK_RIGHT","E_planning_error","3.82"
"02e484442a2f411b971edcf96ebbe885","6c2b6d6b9c6c42179ce63671ea135f34","planning","what_query","What actions taken by the ego vehicle can lead to a collision with the vehicle in back camera?","No action taken by the ego vehicle will lead to a collision with the vehicle in back camera.","Accelerate and go straight actions taken by the ego vehicle can lead to a collision with the vehicle in back camera.","0.8205","0.0","0.9498","4459.3","6","CAM_FRONT; CAM_FRONT_LEFT; CAM_FRONT_RIGHT; CAM_BACK; CAM_BACK_LEFT; CAM_BACK_RIGHT","","3.82"
"02e484442a2f411b971edcf96ebbe885","6c2b6d6b9c6c42179ce63671ea135f34","planning","yes_no","Is the vehicle in back camera an object that the ego vehicle should consider in the current scene?","No.","Yes.","0.0","0.0","0.9945","2854.1","6","CAM_FRONT; CAM_FRONT_LEFT; CAM_FRONT_RIGHT; CAM_BACK; CAM_BACK_LEFT; CAM_BACK_RIGHT","E_planning_error","3.82"
"02e484442a2f411b971edcf96ebbe885","6c2b6d6b9c6c42179ce63671ea135f34","planning","what_query","What actions could the ego vehicle take based on the vehicle in back camera? Why take this action and what's the probability?","The action is to keep going at the same speed. The reason is that there is no safety issue. The probability of this action is high.","High.","0.0741","0.0","0.8727","4888.4","6","CAM_FRONT; CAM_FRONT_LEFT; CAM_FRONT_RIGHT; CAM_BACK; CAM_BACK_LEFT; CAM_BACK_RIGHT","D_incomplete","3.82"
"02e484442a2f411b971edcf96ebbe885","6c2b6d6b9c6c42179ce63671ea135f34","planning","what_query","What is the probability of colliding with the vehicle in back camera after the ego vehicle accelerates and goes straight?","Low.","High.","0.0","0.0","0.9778","2823.3","6","CAM_FRONT; CAM_FRONT_LEFT; CAM_FRONT_RIGHT; CAM_BACK; CAM_BACK_LEFT; CAM_BACK_RIGHT","E_planning_error","3.82"
"02e484442a2f411b971edcf96ebbe885","6c2b6d6b9c6c42179ce63671ea135f34","planning","what_query","What actions taken by the ego vehicle can lead to a collision with the vehicle in back camera?","Back up.","Accelerate and go straight actions taken by the ego vehicle can lead to a collision with the vehicle in back camera.","0.087","0.0","0.8538","4297.4","6","CAM_FRONT; CAM_FRONT_LEFT; CAM_FRONT_RIGHT; CAM_BACK; CAM_BACK_LEFT; CAM_BACK_RIGHT","A_hallucination","3.82"
"02e484442a2f411b971edcf96ebbe885","6c2b6d6b9c6c42179ce63671ea135f34","planning","yes_no","Is the vehicle in front camera an object that the ego vehicle should consider in the current scene?","Yes.","Yes.","1.0","1.0","1.0","2832.2","6","CAM_FRONT; CAM_FRONT_LEFT; CAM_FRONT_RIGHT; CAM_BACK; CAM_BACK_LEFT; CAM_BACK_RIGHT","","3.82"
"02e484442a2f411b971edcf96ebbe885","6c2b6d6b9c6c42179ce63671ea135f34","planning","what_query","What actions could the ego vehicle take based on the vehicle in front camera? Why take this action and what's the probability?","The action is to change to the right lane because there is no safety issue. The probability is high.","Low.","0.0","0.0","0.8819","4615.2","6","CAM_FRONT; CAM_FRONT_LEFT; CAM_FRONT_RIGHT; CAM_BACK; CAM_BACK_LEFT; CAM_BACK_RIGHT","D_incomplete","3.82"
"02e484442a2f411b971edcf96ebbe885","6c2b6d6b9c6c42179ce63671ea135f34","planning","what_query","What is the probability of colliding with the vehicle in front camera after the ego vehicle goes straight and keeps the same speed?","Low.","Low.","1.0","1.0","1.0","2863.8","6","CAM_FRONT; CAM_FRONT_LEFT; CAM_FRONT_RIGHT; CAM_BACK; CAM_BACK_LEFT; CAM_BACK_RIGHT","","3.82"
"02e484442a2f411b971edcf96ebbe885","6c2b6d6b9c6c42179ce63671ea135f34","planning","what_query","What actions taken by the ego vehicle can lead to a collision with the vehicle in front camera?","Accelerate and go straight.","Accelerate and go straight actions taken by the ego vehicle can lead to a collision with the vehicle in front camera.","0.32","0.0","0.8859","4360.0","6","CAM_FRONT; CAM_FRONT_LEFT; CAM_FRONT_RIGHT; CAM_BACK; CAM_BACK_LEFT; CAM_BACK_RIGHT","","3.82"
"02e484442a2f411b971edcf96ebbe885","6c2b6d6b9c6c42179ce63671ea135f34","planning","what_query","What is the traffic signal that the ego vehicle should pay attention to?","None.","The traffic signal that the ego vehicle should pay attention to is the one in the front right camera view.","0.0","0.0","0.8778","3775.9","6","CAM_FRONT; CAM_FRONT_LEFT; CAM_FRONT_RIGHT; CAM_BACK; CAM_BACK_LEFT; CAM_BACK_RIGHT","A_hallucination","3.82"
"02e484442a2f411b971edcf96ebbe885","6c2b6d6b9c6c42179ce63671ea135f34","planning","what_query","What is the target action of the ego vehicle?","Go straight.","The target action of the ego vehicle is to keep going at the same speed.","0.1176","0.0","0.8667","3548.6","6","CAM_FRONT; CAM_FRONT_LEFT; CAM_FRONT_RIGHT; CAM_BACK; CAM_BACK_LEFT; CAM_BACK_RIGHT","E_planning_error","3.82"
"02e484442a2f411b971edcf96ebbe885","6c2b6d6b9c6c42179ce63671ea135f34","planning","other_question_type","In this scenario, what are safe actions to take for the ego vehicle?","Keep going at the same speed and change to the right lane.","In this scenario, the ego vehicle should maintain a safe distance from the vehicle in front camera. This can be achieved by accelerating and going straight.","0.1053","0.0","0.8616","4824.8","6","CAM_FRONT; CAM_FRONT_LEFT; CAM_FRONT_RIGHT; CAM_BACK; CAM_BACK_LEFT; CAM_BACK_RIGHT","C_wrong_camera","3.82"
"02e484442a2f411b971edcf96ebbe885","6c2b6d6b9c6c42179ce63671ea135f34","planning","other_question_type","In this scenario, what are dangerous actions to take for the ego vehicle?","Turning left, accelerating, and proceeding forward are dangerous actions for the ego vehicle.","In this scenario, the ego vehicle should avoid accelerating and going straight, as these actions can lead to a collision with the vehicle in front camera. Instead, the vehicle should maintain a safe distance by keeping going at the same speed.","0.1852","0.0","0.8774","5831.0","6","CAM_FRONT; CAM_FRONT_LEFT; CAM_FRONT_RIGHT; CAM_BACK; CAM_BACK_LEFT; CAM_BACK_RIGHT","C_wrong_camera","3.82"
"02e484442a2f411b971edcf96ebbe885","6c2b6d6b9c6c42179ce63671ea135f34","planning","what_query","What is the priority of the objects that the ego vehicle should consider?(in descending order)","The priority of the objects that the ego vehicle should consider, in descending order, is the vehicle in front camera, the cycle or rider in front camera, the vehicle in back camera, the vehicle in back camera.","There are 4 vehicles to the right.","0.0909","0.0","0.853","3571.5","6","CAM_FRONT; CAM_FRONT_LEFT; CAM_FRONT_RIGHT; CAM_BACK; CAM_BACK_LEFT; CAM_BACK_RIGHT","C_wrong_camera","3.82"
"02e484442a2f411b971edcf96ebbe885","6c2b6d6b9c6c42179ce63671ea135f34","behavior","ego_behavior_prediction","Predict the behavior of the ego vehicle.","The ego vehicle is going straight. The ego vehicle is driving slowly.","The ego vehicle is going straight. The ego vehicle is driving fast.","0.9167","0.0","0.9914","3488.4","6","CAM_FRONT; CAM_FRONT_LEFT; CAM_FRONT_RIGHT; CAM_BACK; CAM_BACK_LEFT; CAM_BACK_RIGHT","","3.82"
"02e484442a2f411b971edcf96ebbe885","40fb4a2c2a7c419784ae5413738d6b10","perception","object_enumeration","What are objects to the front of the ego car?","There is one pedestrian, one motorcycle, and two cars in front of the ego car.","There are two cars and many pedestrians in front of the ego car.","0.6429","0.0","0.9522","3563.3","6","CAM_FRONT; CAM_FRONT_LEFT; CAM_FRONT_RIGHT; CAM_BACK; CAM_BACK_LEFT; CAM_BACK_RIGHT","","3.82"
"02e484442a2f411b971edcf96ebbe885","40fb4a2c2a7c419784ae5413738d6b10","perception","status_query","What is the status of the pedestrian that is to the front of the ego car?","The pedestrian in front of the ego car is moving.","There is a person walking in front of the ego car.","0.5714","0.0","0.9294","3335.9","6","CAM_FRONT; CAM_FRONT_LEFT; CAM_FRONT_RIGHT; CAM_BACK; CAM_BACK_LEFT; CAM_BACK_RIGHT","","3.82"
"02e484442a2f411b971edcf96ebbe885","40fb4a2c2a7c419784ae5413738d6b10","perception","object_enumeration","What are objects to the back of the ego car?","There are many cars and one pedestrian behind the ego car.","There are many pedestrians and two cars behind the ego car.","0.7273","0.0","0.9675","3486.3","6","CAM_FRONT; CAM_FRONT_LEFT; CAM_FRONT_RIGHT; CAM_BACK; CAM_BACK_LEFT; CAM_BACK_RIGHT","","3.82"
"02e484442a2f411b971edcf96ebbe885","40fb4a2c2a7c419784ae5413738d6b10","perception","status_query","What is the status of the cars that are to the back of the ego car?","Three of the cars are moving, and one is parked.","There are two cars behind the ego car.","0.2222","0.0","0.8918","3286.2","6","CAM_FRONT; CAM_FRONT_LEFT; CAM_FRONT_RIGHT; CAM_BACK; CAM_BACK_LEFT; CAM_BACK_RIGHT","F_other","3.82"
"02e484442a2f411b971edcf96ebbe885","40fb4a2c2a7c419784ae5413738d6b10","perception","object_enumeration","What are objects to the back right of the ego car?","There are many traffic cones to the back right of the ego car.","There are two cars behind the ego car.","0.4762","0.0","0.9289","3294.1","6","CAM_FRONT; CAM_FRONT_LEFT; CAM_FRONT_RIGHT; CAM_BACK; CAM_BACK_LEFT; CAM_BACK_RIGHT","","3.82"
"02e484442a2f411b971edcf96ebbe885","40fb4a2c2a7c419784ae5413738d6b10","perception","object_enumeration","What are objects to the front right of the ego car?","There are many cars, two pedestrians, and one motorcycle to the front right of the ego car.","There are two cars and a pedestrian to the front right of the ego car.","0.75","0.0","0.9642","3962.2","6","CAM_FRONT; CAM_FRONT_LEFT; CAM_FRONT_RIGHT; CAM_BACK; CAM_BACK_LEFT; CAM_BACK_RIGHT","","3.82"
"02e484442a2f411b971edcf96ebbe885","40fb4a2c2a7c419784ae5413738d6b10","perception","status_query","What is the status of the cars that are to the front right of the ego car?","Three of the cars are moving, and one is parked.","There are two cars behind the ego car.","0.2222","0.0","0.8918","3350.9","6","CAM_FRONT; CAM_FRONT_LEFT; CAM_FRONT_RIGHT; CAM_BACK; CAM_BACK_LEFT; CAM_BACK_RIGHT","F_other","3.82"
"02e484442a2f411b971edcf96ebbe885","40fb4a2c2a7c419784ae5413738d6b10","perception","status_query","What is the status of the pedestrians that are to the front right of the ego car?","Two pedestrians are moving.","There are two pedestrians to the front right of the ego car.","0.25","0.0","0.8961","3851.9","6","CAM_FRONT; CAM_FRONT_LEFT; CAM_FRONT_RIGHT; CAM_BACK; CAM_BACK_LEFT; CAM_BACK_RIGHT","F_other","3.82"
"02e484442a2f411b971edcf96ebbe885","40fb4a2c2a7c419784ae5413738d6b10","perception","status_query","What is the status of the motorcycle that is to the front of the ego car?","One motorcycle is with a rider.","There is a motorcycle to the front of the ego car.","0.2353","0.0","0.8967","3605.5","6","CAM_FRONT; CAM_FRONT_LEFT; CAM_FRONT_RIGHT; CAM_BACK; CAM_BACK_LEFT; CAM_BACK_RIGHT","F_other","3.82"
"02e484442a2f411b971edcf96ebbe885","40fb4a2c2a7c419784ae5413738d6b10","perception","status_query","What is the status of the cars that are to the front of the ego car?","One of the cars is parked, and one is moving.","There are two cars in front of the ego car.","0.3","0.0","0.8855","3481.6","6","CAM_FRONT; CAM_FRONT_LEFT; CAM_FRONT_RIGHT; CAM_BACK; CAM_BACK_LEFT; CAM_BACK_RIGHT","","3.82"
"02e484442a2f411b971edcf96ebbe885","40fb4a2c2a7c419784ae5413738d6b10","perception","object_enumeration","What are objects to the front left of the ego car?","There is one pedestrian to the front left of the ego car.","There are two cars and many pedestrians to the front left of the ego car.","0.7407","0.0","0.9572","3786.1","6","CAM_FRONT; CAM_FRONT_LEFT; CAM_FRONT_RIGHT; CAM_BACK; CAM_BACK_LEFT; CAM_BACK_RIGHT","","3.82"
"02e484442a2f411b971edcf96ebbe885","40fb4a2c2a7c419784ae5413738d6b10","perception","status_query","What is the status of the pedestrian that is to the front left of the ego car?","One pedestrian is standing.","There is a pedestrian walking to the front left of the ego car.","0.1176","0.0","0.911","3505.8","6","CAM_FRONT; CAM_FRONT_LEFT; CAM_FRONT_RIGHT; CAM_BACK; CAM_BACK_LEFT; CAM_BACK_RIGHT","F_other","3.82"
"02e484442a2f411b971edcf96ebbe885","40fb4a2c2a7c419784ae5413738d6b10","perception","status_query","What is the status of the motorcycle that is to the front right of the ego car?","The motorcycle to the front right of the ego car has a rider.","Moving.","0.0","0.0","0.8779","2716.5","6","CAM_FRONT; CAM_FRONT_LEFT; CAM_FRONT_RIGHT; CAM_BACK; CAM_BACK_LEFT; CAM_BACK_RIGHT","D_incomplete","3.82"
"02e484442a2f411b971edcf96ebbe885","40fb4a2c2a7c419784ae5413738d6b10","perception","status_query","What is the status of the pedestrian that is to the back of the ego car?","The pedestrian behind the ego car is moving.","There are many pedestrians and two cars behind the ego car.","0.5263","0.0","0.9323","3446.4","6","CAM_FRONT; CAM_FRONT_LEFT; CAM_FRONT_RIGHT; CAM_BACK; CAM_BACK_LEFT; CAM_BACK_RIGHT","","3.82"
"02e484442a2f411b971edcf96ebbe885","40fb4a2c2a7c419784ae5413738d6b10","perception","yes_no","Are there bicycles without riders to the back left of the ego car?","No.","No.","1.0","1.0","1.0","2592.2","6","CAM_FRONT; CAM_FRONT_LEFT; CAM_FRONT_RIGHT; CAM_BACK; CAM_BACK_LEFT; CAM_BACK_RIGHT","","3.82"
"02e484442a2f411b971edcf96ebbe885","40fb4a2c2a7c419784ae5413738d6b10","perception","yes_no","Are there traffic cones to the back of the ego car?","No.","No.","1.0","1.0","1.0","2607.7","6","CAM_FRONT; CAM_FRONT_LEFT; CAM_FRONT_RIGHT; CAM_BACK; CAM_BACK_LEFT; CAM_BACK_RIGHT","","3.82"
"02e484442a2f411b971edcf96ebbe885","40fb4a2c2a7c419784ae5413738d6b10","perception","yes_no","Are there moving pedestrians to the back of the ego car?","Yes.","Yes.","1.0","1.0","1.0","2601.3","6","CAM_FRONT; CAM_FRONT_LEFT; CAM_FRONT_RIGHT; CAM_BACK; CAM_BACK_LEFT; CAM_BACK_RIGHT","","3.82"
"02e484442a2f411b971edcf96ebbe885","40fb4a2c2a7c419784ae5413738d6b10","perception","yes_no","Are there moving pedestrians to the front of the ego car?","Yes.","Yes.","1.0","1.0","1.0","2606.7","6","CAM_FRONT; CAM_FRONT_LEFT; CAM_FRONT_RIGHT; CAM_BACK; CAM_BACK_LEFT; CAM_BACK_RIGHT","","3.82"
"02e484442a2f411b971edcf96ebbe885","40fb4a2c2a7c419784ae5413738d6b10","perception","yes_no","Are there moving cars to the front right of the ego car?","Yes.","Yes.","1.0","1.0","1.0","2606.3","6","CAM_FRONT; CAM_FRONT_LEFT; CAM_FRONT_RIGHT; CAM_BACK; CAM_BACK_LEFT; CAM_BACK_RIGHT","","3.82"
"02e484442a2f411b971edcf96ebbe885","40fb4a2c2a7c419784ae5413738d6b10","perception","yes_no","Are there moving cars to the back of the ego car?","Yes.","Yes.","1.0","1.0","1.0","2603.5","6","CAM_FRONT; CAM_FRONT_LEFT; CAM_FRONT_RIGHT; CAM_BACK; CAM_BACK_LEFT; CAM_BACK_RIGHT","","3.82"
"02e484442a2f411b971edcf96ebbe885","40fb4a2c2a7c419784ae5413738d6b10","perception","other_question_type","Please describe the current scene.","There is one moving car in front of the ego car, three moving cars behind the ego car, one parked car behind the ego car, one motorcycle with a rider in front of the ego car, and one moving pedestrian in front of the ego car.","The scene is a busy street with multiple pedestrians and two cars behind the ego car. The ego car is parked, and there are no visible traffic lights.","0.2703","0.0","0.8868","4539.6","6","CAM_FRONT; CAM_FRONT_LEFT; CAM_FRONT_RIGHT; CAM_BACK; CAM_BACK_LEFT; CAM_BACK_RIGHT","B_wrong_status","3.82"
"02e484442a2f411b971edcf96ebbe885","40fb4a2c2a7c419784ae5413738d6b10","perception","what_query","What is the relative positioning of the important objects in the current scene?","the cycle or rider in front camera is on the front left of the object in front-right camera, the vehicle in back camera is on the back left of the object in front-right camera, and the vehicle in back camera is behind the cycle or rider in front camera.","The ego car is in the front, and there are many pedestrians and two cars behind it.","0.2059","0.0","0.8572","2418.1","3","CAM_FRONT; CAM_FRONT_RIGHT; CAM_BACK","C_wrong_camera","3.82"
"02e484442a2f411b971edcf96ebbe885","40fb4a2c2a7c419784ae5413738d6b10","perception","yes_no","Is there any traffic element in the front view?","Yes, there are traffic elements in the front view.","Yes.","0.2","0.0","0.9103","2563.5","6","CAM_FRONT; CAM_FRONT_LEFT; CAM_FRONT_RIGHT; CAM_BACK; CAM_BACK_LEFT; CAM_BACK_RIGHT","D_incomplete","3.82"
"02e484442a2f411b971edcf96ebbe885","40fb4a2c2a7c419784ae5413738d6b10","perception","planning_other","Identify all the traffic elements in the front view, categorize them, determine their status, and predict the bounding box around each one. The output should be a list formatted as (c, s, x1, y1, x2, y2), where c represents the category, s denotes the status, and x1, y1, x2, y2 are the offsets of the top-left and bottom-right corners of the box relative to the center point.","There are many traffic elements in the front view. The information of these traffic elements is [(traffic light, green, 983.84, 273.86, 1028.43, 290.39), (traffic light, green, 1397.54, 404.28, 1411.78, 438.3), (traffic light, red, 402.74, 189.26, 481.87, 341.49), (traffic light, red, 447.71, 172.44, 494.61, 201.32), (traffic light, green, 531.79, 384.01, 548.7, 416.35), (traffic light, red, 551.56, 380.95, 572.39, 415.78), (traffic light, green, 357.12, 198.18, 401.11, 334.22), (traffic light, unknown, 782.95, 390.81, 802.84, 421.04), (traffic light, unknown, 222.25, 318.69, 259.47, 377.38)].","","0.0","0.0","","11498.9","6","CAM_FRONT; CAM_FRONT_LEFT; CAM_FRONT_RIGHT; CAM_BACK; CAM_BACK_LEFT; CAM_BACK_RIGHT","D_incomplete","3.82"
"02e484442a2f411b971edcf96ebbe885","40fb4a2c2a7c419784ae5413738d6b10","perception","which_query","Which lanes are each important object on in the scene?","the vehicle in back camera is in the ego lane.","There are two lanes in the scene. The ego car is in the left lane, and the pedestrians are in the right lane.","0.303","0.0","0.8787","2542.4","1","CAM_BACK","","3.82"
"02e484442a2f411b971edcf96ebbe885","40fb4a2c2a7c419784ae5413738d6b10","perception","what_query","What are the important objects in the current scene? Those objects will be considered for the future reasoning and driving decision.","There is a cannot collide to the front right of the ego vehicle, a person riding a black motorcycle to the front of the ego vehicle, a silver sedan to the back of the ego vehicle, and a green light to the front of the ego vehicle. The IDs of these objects are the object in front-right camera, the cycle or rider in front camera, the vehicle in back camera, and the traffic element in front camera.","There are many pedestrians and two cars behind the ego car.","0.0899","0.0","0.8386","2135.9","3","CAM_FRONT_RIGHT; CAM_FRONT; CAM_BACK","D_incomplete","3.82"
"02e484442a2f411b971edcf96ebbe885","40fb4a2c2a7c419784ae5413738d6b10","perception","what_query","What is the observed status of the object in front-right camera?","Moving.","Moving.","1.0","1.0","1.0","783.5","1","CAM_FRONT_RIGHT","","3.82"
"02e484442a2f411b971edcf96ebbe885","40fb4a2c2a7c419784ae5413738d6b10","perception","what_query","What is the moving status of the object in front-right camera?","Going ahead.","Moving.","0.0","0.0","0.9201","782.8","1","CAM_FRONT_RIGHT","F_other","3.82"
"02e484442a2f411b971edcf96ebbe885","40fb4a2c2a7c419784ae5413738d6b10","perception","what_query","What is the observed status of the cycle or rider in front camera?","Moving.","Moving.","1.0","1.0","1.0","795.8","1","CAM_FRONT","","3.82"
"02e484442a2f411b971edcf96ebbe885","40fb4a2c2a7c419784ae5413738d6b10","perception","what_query","What is the moving status of the cycle or rider in front camera?","Going ahead.","Moving.","0.0","0.0","0.9201","842.8","1","CAM_FRONT","F_other","3.82"
"02e484442a2f411b971edcf96ebbe885","40fb4a2c2a7c419784ae5413738d6b10","perception","what_query","What is the observed status of the vehicle in back camera?","Moving.","Moving.","1.0","1.0","1.0","811.3","1","CAM_BACK","","3.82"
"02e484442a2f411b971edcf96ebbe885","40fb4a2c2a7c419784ae5413738d6b10","perception","what_query","What is the moving status of the vehicle in back camera?","Going ahead.","Moving.","0.0","0.0","0.9201","840.1","1","CAM_BACK","F_other","3.82"
"02e484442a2f411b971edcf96ebbe885","40fb4a2c2a7c419784ae5413738d6b10","perception","visual_description","What is the visual description of the object in front-right camera?","Cannot collide.","There is a car in front of the camera.","0.0","0.0","0.8945","1191.0","1","CAM_FRONT_RIGHT","F_other","3.82"
"02e484442a2f411b971edcf96ebbe885","40fb4a2c2a7c419784ae5413738d6b10","perception","visual_description","What is the visual description of the cycle or rider in front camera?","A person riding a black motorcycle.","There is a motorcycle in front of the camera.","0.2667","0.0","0.9027","1315.9","1","CAM_FRONT","F_other","3.82"
"02e484442a2f411b971edcf96ebbe885","40fb4a2c2a7c419784ae5413738d6b10","perception","visual_description","What is the visual description of the vehicle in back camera?","Silver sedan.","Moving.","0.0","0.0","0.9253","807.8","1","CAM_BACK","F_other","3.82"
"02e484442a2f411b971edcf96ebbe885","40fb4a2c2a7c419784ae5413738d6b10","perception","visual_description","What is the visual description of the traffic element in front camera?","Green light.","There is a blue car in front of the camera.","0.0","0.0","0.8776","1169.8","1","CAM_FRONT","F_other","3.82"
"02e484442a2f411b971edcf96ebbe885","40fb4a2c2a7c419784ae5413738d6b10","prediction","yes_no","Is the object in front-right camera a traffic sign or a road barrier?","No.","There are two traffic signs to the right.","0.0","0.0","0.8985","1040.3","1","CAM_FRONT_RIGHT","F_other","3.82"
"02e484442a2f411b971edcf96ebbe885","40fb4a2c2a7c419784ae5413738d6b10","prediction","which_query","Which object is most likely to be occluded by the object in front-right camera? Would this object affect the ego vehicle? Based on this object, what action of the ego vehicle is dangerous?","None, no, none.","There is a car in front of the ego vehicle. The car in front of the ego vehicle is most likely to be occluded by the car in front-right camera. This would affect the ego vehicle's decision-making process. The ego vehicle is moving.","0.0","0.0","0.8185","3488.3","1","CAM_FRONT_RIGHT","A_hallucination","3.82"
"02e484442a2f411b971edcf96ebbe885","40fb4a2c2a7c419784ae5413738d6b10","prediction","other_question_type","Would the object in front-right camera be in the moving direction of the ego vehicle?","No.","No.","1.0","1.0","1.0","715.5","1","CAM_FRONT_RIGHT","","3.82"
"02e484442a2f411b971edcf96ebbe885","40fb4a2c2a7c419784ae5413738d6b10","prediction","what_query","What is the future state of the object in front-right camera?","Keep going straight.","Moving.","0.0","0.0","0.9134","758.9","1","CAM_FRONT_RIGHT","D_incomplete","3.82"
"02e484442a2f411b971edcf96ebbe885","40fb4a2c2a7c419784ae5413738d6b10","prediction","yes_no","Is the object in front camera a traffic sign or a road barrier?","No.","No.","1.0","1.0","1.0","718.0","1","CAM_FRONT","","3.82"
"02e484442a2f411b971edcf96ebbe885","40fb4a2c2a7c419784ae5413738d6b10","prediction","which_query","Which object is most likely to be occluded by the cycle or rider in front camera? Would this object affect the ego vehicle? Based on this object, what action of the ego vehicle is dangerous?","None, no, none.","There is a motorcycle in front camera. The motorcycle or rider might be partially or fully obscured by the cycle or rider in the front camera.","0.0","0.0","0.8155","5661.2","1","CAM_FRONT","A_hallucination","3.82"
"02e484442a2f411b971edcf96ebbe885","40fb4a2c2a7c419784ae5413738d6b10","prediction","other_question_type","Would the cycle or rider in front camera be in the moving direction of the ego vehicle?","Yes.","No.","0.0","0.0","0.9945","718.6","1","CAM_FRONT","F_other","3.82"
"02e484442a2f411b971edcf96ebbe885","40fb4a2c2a7c419784ae5413738d6b10","prediction","what_query","What is the future state of the cycle or rider in front camera?","Keep going straight.","Moving","0.0","0.0","0.8638","711.6","1","CAM_FRONT","D_incomplete","3.82"
"02e484442a2f411b971edcf96ebbe885","40fb4a2c2a7c419784ae5413738d6b10","prediction","yes_no","Is the object in back camera a traffic sign or a road barrier?","No.","There are no traffic signs or road barriers in the back camera view.","0.1429","0.0","0.883","1356.8","1","CAM_BACK","F_other","3.82"
"02e484442a2f411b971edcf96ebbe885","40fb4a2c2a7c419784ae5413738d6b10","prediction","which_query","Which object is most likely to be occluded by the vehicle in back camera? Would this object affect the ego vehicle? Based on this object, what action of the ego vehicle is dangerous?","None, no, none.","There is a car in front of the ego vehicle. The car in front camera is most likely to be occluded by the vehicle in back camera. This car would affect the ego vehicle's decision-making process. The ego vehicle is moving.","0.0","0.0","0.8197","3414.9","1","CAM_BACK","A_hallucination","3.82"
"02e484442a2f411b971edcf96ebbe885","40fb4a2c2a7c419784ae5413738d6b10","prediction","other_question_type","Would the vehicle in back camera be in the moving direction of the ego vehicle?","No.","No.","1.0","1.0","1.0","729.7","1","CAM_BACK","","3.82"
"02e484442a2f411b971edcf96ebbe885","40fb4a2c2a7c419784ae5413738d6b10","prediction","what_query","What is the future state of the vehicle in back camera?","Keep going straight.","Moving.","0.0","0.0","0.9134","763.5","1","CAM_BACK","D_incomplete","3.82"
"02e484442a2f411b971edcf96ebbe885","40fb4a2c2a7c419784ae5413738d6b10","prediction","yes_no","Is the object in front camera a traffic sign or a road barrier?","Yes.","No.","0.0","0.0","0.9945","712.8","1","CAM_FRONT","F_other","3.82"
"02e484442a2f411b971edcf96ebbe885","40fb4a2c2a7c419784ae5413738d6b10","prediction","other_question_type","Would the traffic element in front camera be in the moving direction of the ego vehicle?","Yes.","No.","0.0","0.0","0.9945","743.3","1","CAM_FRONT","F_other","3.82"
"02e484442a2f411b971edcf96ebbe885","40fb4a2c2a7c419784ae5413738d6b10","prediction","what_query","What does the traffic element in front camera mean?","Please proceed.","There are two traffic lights in front camera.","0.0","0.0","0.8771","1079.6","1","CAM_FRONT","F_other","3.82"
"02e484442a2f411b971edcf96ebbe885","40fb4a2c2a7c419784ae5413738d6b10","prediction","other_question_type","In this scenario, what object is most likely to consider the traffic element in front camera?","The ego vehicle.","None.","0.0","0.0","0.9128","741.1","1","CAM_FRONT","D_incomplete","3.82"
"02e484442a2f411b971edcf96ebbe885","40fb4a2c2a7c419784ae5413738d6b10","prediction","what_query","What object should the ego vehicle notice first when the ego vehicle is getting to the next possible location? What is the state of the object that is first noticed by the ego vehicle and what action should the ego vehicle take? What object should the ego vehicle notice second when the ego vehicle is getting to the next possible location? What is the state of the object perceived by the ego vehicle as second and what action should the ego vehicle take? What object should the ego vehicle notice third? What is the state of the object perceived by the ego vehicle as third and what action should the ego vehicle take?","Firstly notice that the traffic element in front camera; the object is a traffic sign, so the ego vehicle should keep going ahead at the same speed. Secondly notice that the cycle or rider in front camera; the object is going ahead, so the ego vehicle should keep going ahead at the same speed. Thirdly notice that the vehicle in back camera; the object is going ahead, so the ego vehicle should keep going ahead at the same speed.","There are 3 cars to the right.","0.0233","0.0","0.8422","1478.6","2","CAM_FRONT; CAM_BACK","C_wrong_camera","3.82"
"02e484442a2f411b971edcf96ebbe885","40fb4a2c2a7c419784ae5413738d6b10","prediction","yes_no","Are the object in back camera and the object in front camera traffic signs?","Only one of the boxes is a traffic sign.","No.","0.0","0.0","0.8834","1093.1","2","CAM_BACK; CAM_FRONT","D_incomplete","3.82"
"02e484442a2f411b971edcf96ebbe885","40fb4a2c2a7c419784ae5413738d6b10","prediction","future_state","Will the traffic element in front camera be in the moving direction of the vehicle in back camera?","Yes.","No.","0.0","0.0","0.9945","1068.0","2","CAM_FRONT; CAM_BACK","F_other","3.82"
"02e484442a2f411b971edcf96ebbe885","40fb4a2c2a7c419784ae5413738d6b10","prediction","other_question_type","Would the vehicle in back camera take the traffic element in front camera into account?","Yes.","No.","0.0","0.0","0.9945","1065.1","2","CAM_BACK; CAM_FRONT","F_other","3.82"
"02e484442a2f411b971edcf96ebbe885","40fb4a2c2a7c419784ae5413738d6b10","prediction","what_query","What object would consider the vehicle in back camera to be most relevant to its decision?","The ego vehicle.","There are two cars to the right.","0.2","0.0","0.8795","1012.9","1","CAM_BACK","F_other","3.82"
"02e484442a2f411b971edcf96ebbe885","40fb4a2c2a7c419784ae5413738d6b10","prediction","other_question_type","Except for the ego vehicle, what object would consider the vehicle in back camera to be most relevant to its decision?","None.","None.","1.0","1.0","1.0","705.8","1","CAM_BACK","","3.82"
"02e484442a2f411b971edcf96ebbe885","40fb4a2c2a7c419784ae5413738d6b10","prediction","what_query","What object would consider the traffic element in front camera to be most relevant to its decision?","The ego vehicle.","There are two traffic lights in front camera.","0.0","0.0","0.8639","1052.6","1","CAM_FRONT","F_other","3.82"
"02e484442a2f411b971edcf96ebbe885","40fb4a2c2a7c419784ae5413738d6b10","prediction","other_question_type","Except for the ego vehicle, what object would consider the traffic element in front camera to be most relevant to its decision?","None.","None.","1.0","1.0","1.0","745.4","1","CAM_FRONT","","3.82"
"02e484442a2f411b971edcf96ebbe885","40fb4a2c2a7c419784ae5413738d6b10","prediction","yes_no","Are the object in front-right camera and the object in front camera traffic signs?","Neither is a traffic sign.","No.","0.0","0.0","0.8958","1082.3","2","CAM_FRONT_RIGHT; CAM_FRONT","D_incomplete","3.82"
"02e484442a2f411b971edcf96ebbe885","40fb4a2c2a7c419784ae5413738d6b10","prediction","future_state","Will the object in front-right camera be in the moving direction of the cycle or rider in front camera?","No.","No.","1.0","1.0","1.0","1052.1","2","CAM_FRONT_RIGHT; CAM_FRONT","","3.82"
"02e484442a2f411b971edcf96ebbe885","40fb4a2c2a7c419784ae5413738d6b10","prediction","future_state","Will the object in front-right camera change its motion state based on the cycle or rider in front camera?","No.","No.","1.0","1.0","1.0","1082.7","2","CAM_FRONT_RIGHT; CAM_FRONT","","3.82"
"02e484442a2f411b971edcf96ebbe885","40fb4a2c2a7c419784ae5413738d6b10","prediction","other_question_type","Based on the observations of the cycle or rider in front camera, what are possible actions to be taken by the object in front-right camera? What is the reason?","The action is to keep going at the same speed, the reason is there is no safety issue.","The ego vehicle should be cautious and maintain a safe distance from the cycle or rider in front camera. This is because the cycle or rider may be moving or changing direction, and the ego vehicle needs to be prepared for any sudden movements or changes in traffic flow.","0.1194","0.0","0.8597","3966.6","2","CAM_FRONT; CAM_FRONT_RIGHT","F_other","3.82"
"02e484442a2f411b971edcf96ebbe885","40fb4a2c2a7c419784ae5413738d6b10","prediction","what_query","What object would consider the object in front-right camera to be most relevant to its decision?","the cycle or rider in front camera.","The ego vehicle.","0.2","0.0","0.8598","1203.7","2","CAM_FRONT_RIGHT; CAM_FRONT","F_other","3.82"
"02e484442a2f411b971edcf96ebbe885","40fb4a2c2a7c419784ae5413738d6b10","prediction","what_query","What object would consider the cycle or rider in front camera to be most relevant to its decision?","the object in front-right camera.","There are 1 cycle and 1 rider to the front right camera.","0.4444","0.0","0.8892","1797.9","2","CAM_FRONT; CAM_FRONT_RIGHT","","3.82"
"02e484442a2f411b971edcf96ebbe885","40fb4a2c2a7c419784ae5413738d6b10","prediction","what_query","What kind of traffic sign is the object in front camera?","Traffic light.","There is a traffic sign in the back camera.","0.1818","0.0","0.8867","1139.4","1","CAM_FRONT","F_other","3.82"
"02e484442a2f411b971edcf96ebbe885","40fb4a2c2a7c419784ae5413738d6b10","planning","yes_no","Is the object in front-right camera an object that the ego vehicle should consider in the current scene?","No.","Yes.","0.0","0.0","0.9945","2885.3","6","CAM_FRONT; CAM_FRONT_LEFT; CAM_FRONT_RIGHT; CAM_BACK; CAM_BACK_LEFT; CAM_BACK_RIGHT","E_planning_error","3.82"
"02e484442a2f411b971edcf96ebbe885","40fb4a2c2a7c419784ae5413738d6b10","planning","what_query","What actions could the ego vehicle take based on the object in front-right camera? Why take this action and what's the probability?","The action is to keep going at the same speed. The reason is that the object has little reference value for the ego vehicle, with a high probability.","Low.","0.0","0.0","0.8749","4927.5","6","CAM_FRONT; CAM_FRONT_LEFT; CAM_FRONT_RIGHT; CAM_BACK; CAM_BACK_LEFT; CAM_BACK_RIGHT","D_incomplete","3.82"
"02e484442a2f411b971edcf96ebbe885","40fb4a2c2a7c419784ae5413738d6b10","planning","what_query","What is the probability of colliding with the object in front-right camera after the ego vehicle goes straight and keeps the same speed?","Low.","Low.","1.0","1.0","1.0","2864.4","6","CAM_FRONT; CAM_FRONT_LEFT; CAM_FRONT_RIGHT; CAM_BACK; CAM_BACK_LEFT; CAM_BACK_RIGHT","","3.82"
"02e484442a2f411b971edcf96ebbe885","40fb4a2c2a7c419784ae5413738d6b10","planning","what_query","What actions taken by the ego vehicle can lead to a collision with the object in front-right camera?","Sharp right turn.","Accelerate and go straight actions taken by the ego vehicle can lead to a collision with the object in front-right camera.","0.08","0.0","0.8546","4494.7","6","CAM_FRONT; CAM_FRONT_LEFT; CAM_FRONT_RIGHT; CAM_BACK; CAM_BACK_LEFT; CAM_BACK_RIGHT","A_hallucination","3.82"
"02e484442a2f411b971edcf96ebbe885","40fb4a2c2a7c419784ae5413738d6b10","planning","yes_no","Is the cycle or rider in front camera an object that the ego vehicle should consider in the current scene?","Yes.","Yes.","1.0","1.0","1.0","2787.8","6","CAM_FRONT; CAM_FRONT_LEFT; CAM_FRONT_RIGHT; CAM_BACK; CAM_BACK_LEFT; CAM_BACK_RIGHT","","3.82"
"02e484442a2f411b971edcf96ebbe885","40fb4a2c2a7c419784ae5413738d6b10","planning","what_query","What actions could the ego vehicle take based on the cycle or rider in front camera? Why take this action and what's the probability?","The action is to keep going at the same speed. The reason is to avoid a collision, with a high probability.","High.","0.0909","0.0","0.8742","4645.0","6","CAM_FRONT; CAM_FRONT_LEFT; CAM_FRONT_RIGHT; CAM_BACK; CAM_BACK_LEFT; CAM_BACK_RIGHT","D_incomplete","3.82"
"02e484442a2f411b971edcf96ebbe885","40fb4a2c2a7c419784ae5413738d6b10","planning","what_query","What is the probability of colliding with the cycle or rider in front camera after the ego vehicle goes straight and keeps the same speed?","Low.","Low.","1.0","1.0","1.0","2833.3","6","CAM_FRONT; CAM_FRONT_LEFT; CAM_FRONT_RIGHT; CAM_BACK; CAM_BACK_LEFT; CAM_BACK_RIGHT","","3.82"
"02e484442a2f411b971edcf96ebbe885","40fb4a2c2a7c419784ae5413738d6b10","planning","what_query","What actions taken by the ego vehicle can lead to a collision with the cycle or rider in front camera?","Accelerating and going straight.","The ego vehicle is accelerating and going straight.","0.6667","0.0","0.8865","3651.7","6","CAM_FRONT; CAM_FRONT_LEFT; CAM_FRONT_RIGHT; CAM_BACK; CAM_BACK_LEFT; CAM_BACK_RIGHT","","3.82"
"02e484442a2f411b971edcf96ebbe885","40fb4a2c2a7c419784ae5413738d6b10","planning","yes_no","Is the vehicle in back camera an object that the ego vehicle should consider in the current scene?","No.","Yes.","0.0","0.0","0.9945","2847.4","6","CAM_FRONT; CAM_FRONT_LEFT; CAM_FRONT_RIGHT; CAM_BACK; CAM_BACK_LEFT; CAM_BACK_RIGHT","E_planning_error","3.82"
"02e484442a2f411b971edcf96ebbe885","40fb4a2c2a7c419784ae5413738d6b10","planning","what_query","What actions could the ego vehicle take based on the vehicle in back camera? Why take this action and what's the probability?","The action is to keep going at the same speed. The reason is that there is no safety issue, and the probability is high.","High.","0.08","0.0","0.8714","4831.9","6","CAM_FRONT; CAM_FRONT_LEFT; CAM_FRONT_RIGHT; CAM_BACK; CAM_BACK_LEFT; CAM_BACK_RIGHT","D_incomplete","3.82"
"02e484442a2f411b971edcf96ebbe885","40fb4a2c2a7c419784ae5413738d6b10","planning","what_query","What is the probability of colliding with the vehicle in back camera after the ego vehicle goes straight and keeps the same speed?","Low.","Low.","1.0","1.0","1.0","2868.9","6","CAM_FRONT; CAM_FRONT_LEFT; CAM_FRONT_RIGHT; CAM_BACK; CAM_BACK_LEFT; CAM_BACK_RIGHT","","3.82"
"02e484442a2f411b971edcf96ebbe885","40fb4a2c2a7c419784ae5413738d6b10","planning","what_query","What actions taken by the ego vehicle can lead to a collision with the vehicle in back camera?","Brake suddenly.","Accelerate and go straight actions taken by the ego vehicle can lead to a collision with the vehicle in back camera.","0.0","0.0","0.8333","4373.6","6","CAM_FRONT; CAM_FRONT_LEFT; CAM_FRONT_RIGHT; CAM_BACK; CAM_BACK_LEFT; CAM_BACK_RIGHT","A_hallucination","3.82"
"02e484442a2f411b971edcf96ebbe885","40fb4a2c2a7c419784ae5413738d6b10","planning","yes_no","Is it necessary for the ego vehicle to take the traffic element in front camera into account?","No.","Yes.","0.0","0.0","0.9945","2783.1","6","CAM_FRONT; CAM_FRONT_LEFT; CAM_FRONT_RIGHT; CAM_BACK; CAM_BACK_LEFT; CAM_BACK_RIGHT","E_planning_error","3.82"
"02e484442a2f411b971edcf96ebbe885","40fb4a2c2a7c419784ae5413738d6b10","planning","what_query","What is the traffic signal that the ego vehicle should pay attention to?","Green light.","The traffic signal that the ego vehicle should pay attention to is the red light.","0.1176","0.0","0.8692","3459.9","6","CAM_FRONT; CAM_FRONT_LEFT; CAM_FRONT_RIGHT; CAM_BACK; CAM_BACK_LEFT; CAM_BACK_RIGHT","E_planning_error","3.82"
"02e484442a2f411b971edcf96ebbe885","40fb4a2c2a7c419784ae5413738d6b10","planning","what_query","What is the target action of the ego vehicle?","Go straight.","The target action of the ego vehicle is to keep going at the same speed.","0.1176","0.0","0.8667","3483.6","6","CAM_FRONT; CAM_FRONT_LEFT; CAM_FRONT_RIGHT; CAM_BACK; CAM_BACK_LEFT; CAM_BACK_RIGHT","E_planning_error","3.82"
"02e484442a2f411b971edcf96ebbe885","40fb4a2c2a7c419784ae5413738d6b10","planning","other_question_type","In this scenario, what are safe actions to take for the ego vehicle?","Keep going at the same speed; decelerate gradually without braking.","In this scenario, the ego vehicle should maintain a safe distance from the vehicle in front camera. This can be achieved by accelerating and going straight.","0.0556","0.0","0.8561","4904.4","6","CAM_FRONT; CAM_FRONT_LEFT; CAM_FRONT_RIGHT; CAM_BACK; CAM_BACK_LEFT; CAM_BACK_RIGHT","A_hallucination","3.82"
"02e484442a2f411b971edcf96ebbe885","40fb4a2c2a7c419784ae5413738d6b10","planning","other_question_type","In this scenario, what are dangerous actions to take for the ego vehicle?","Braking suddenly, accelerating and going ahead, and backing up are dangerous actions to take for the ego vehicle in this scenario.","High.","0.0","0.0","0.8661","5834.1","6","CAM_FRONT; CAM_FRONT_LEFT; CAM_FRONT_RIGHT; CAM_BACK; CAM_BACK_LEFT; CAM_BACK_RIGHT","D_incomplete","3.82"
"02e484442a2f411b971edcf96ebbe885","40fb4a2c2a7c419784ae5413738d6b10","planning","what_query","What is the priority of the objects that the ego vehicle should consider?(in descending order)","The priority of the objects that the ego vehicle should consider (in descending order) is the traffic element in front camera, the cycle or rider in front camera, the vehicle in back camera, the object in front-right camera.","There are 5 vehicles to the left.","0.087","0.0","0.8485","3587.9","6","CAM_FRONT; CAM_FRONT_LEFT; CAM_FRONT_RIGHT; CAM_BACK; CAM_BACK_LEFT; CAM_BACK_RIGHT","C_wrong_camera","3.82"
"02e484442a2f411b971edcf96ebbe885","40fb4a2c2a7c419784ae5413738d6b10","planning","other_question_type","Based on the observation of the traffic element in front camera, what actions may the vehicle in back camera take?","Keep going at the same speed.","The vehicle in back camera should maintain a safe distance from the ego vehicle.","0.1","0.0","0.8589","3949.5","6","CAM_FRONT; CAM_FRONT_LEFT; CAM_FRONT_RIGHT; CAM_BACK; CAM_BACK_LEFT; CAM_BACK_RIGHT","E_planning_error","3.82"
"02e484442a2f411b971edcf96ebbe885","40fb4a2c2a7c419784ae5413738d6b10","behavior","ego_behavior_prediction","Predict the behavior of the ego vehicle.","The ego vehicle is going straight. The ego vehicle is driving with normal speed.","The ego vehicle is going straight. The ego vehicle is driving fast.","0.8462","0.0","0.9718","3372.2","6","CAM_FRONT; CAM_FRONT_LEFT; CAM_FRONT_RIGHT; CAM_BACK; CAM_BACK_LEFT; CAM_BACK_RIGHT","","3.82"
"02e484442a2f411b971edcf96ebbe885","88e5ef09515d413f84fa21b087065420","perception","object_enumeration","What are objects to the front of the ego car?","There is one pedestrian, one motorcycle, and two cars in front of the ego car.","There are two cars and a pedestrian in front of the ego car.","0.6429","0.0","0.9598","3431.9","6","CAM_FRONT; CAM_FRONT_LEFT; CAM_FRONT_RIGHT; CAM_BACK; CAM_BACK_LEFT; CAM_BACK_RIGHT","","3.82"
"02e484442a2f411b971edcf96ebbe885","88e5ef09515d413f84fa21b087065420","perception","status_query","What is the status of the pedestrian that is to the front of the ego car?","The pedestrian in front of the ego car is moving.","There is a pedestrian walking in front of the ego car.","0.6667","0.0","0.9506","3408.6","6","CAM_FRONT; CAM_FRONT_LEFT; CAM_FRONT_RIGHT; CAM_BACK; CAM_BACK_LEFT; CAM_BACK_RIGHT","","3.82"
"02e484442a2f411b971edcf96ebbe885","88e5ef09515d413f84fa21b087065420","perception","object_enumeration","What are objects to the back of the ego car?","There are many cars, one truck, and one pedestrian behind the ego car.","There are many pedestrians and two cars behind the ego car.","0.6667","0.0","0.9533","3449.8","6","CAM_FRONT; CAM_FRONT_LEFT; CAM_FRONT_RIGHT; CAM_BACK; CAM_BACK_LEFT; CAM_BACK_RIGHT","","3.82"
"02e484442a2f411b971edcf96ebbe885","88e5ef09515d413f84fa21b087065420","perception","status_query","What is the status of the cars that are to the back of the ego car?","Three of the cars are moving, and one is parked.","There are two cars behind the ego car.","0.2222","0.0","0.8918","3132.0","6","CAM_FRONT; CAM_FRONT_LEFT; CAM_FRONT_RIGHT; CAM_BACK; CAM_BACK_LEFT; CAM_BACK_RIGHT","F_other","3.82"
"02e484442a2f411b971edcf96ebbe885","88e5ef09515d413f84fa21b087065420","perception","object_enumeration","What are objects to the back right of the ego car?","There are three cars and three traffic cones to the back right of the ego car.","There are two cars behind the ego car.","0.5","0.0","0.944","3141.7","6","CAM_FRONT; CAM_FRONT_LEFT; CAM_FRONT_RIGHT; CAM_BACK; CAM_BACK_LEFT; CAM_BACK_RIGHT","","3.82"
"02e484442a2f411b971edcf96ebbe885","88e5ef09515d413f84fa21b087065420","perception","status_query","What is the status of the cars that are to the back right of the ego car?","Two of the cars are moving, and one is parked.","There are two cars behind the ego car.","0.3333","0.0","0.892","3187.0","6","CAM_FRONT; CAM_FRONT_LEFT; CAM_FRONT_RIGHT; CAM_BACK; CAM_BACK_LEFT; CAM_BACK_RIGHT","","3.82"
"02e484442a2f411b971edcf96ebbe885","88e5ef09515d413f84fa21b087065420","perception","object_enumeration","What are objects to the front right of the ego car?","There are two pedestrians, one car, and one motorcycle to the front right of the ego car.","There are two cars and a pedestrian to the front right of the ego car.","0.8125","0.0","0.963","3617.4","6","CAM_FRONT; CAM_FRONT_LEFT; CAM_FRONT_RIGHT; CAM_BACK; CAM_BACK_LEFT; CAM_BACK_RIGHT","","3.82"
"02e484442a2f411b971edcf96ebbe885","88e5ef09515d413f84fa21b087065420","perception","status_query","What is the status of the pedestrians that are to the front right of the ego car?","Two pedestrians are moving.","There are many pedestrians and two cars behind the ego car.","0.1333","0.0","0.8957","3610.1","6","CAM_FRONT; CAM_FRONT_LEFT; CAM_FRONT_RIGHT; CAM_BACK; CAM_BACK_LEFT; CAM_BACK_RIGHT","F_other","3.82"
"02e484442a2f411b971edcf96ebbe885","88e5ef09515d413f84fa21b087065420","perception","status_query","What is the status of the motorcycle that is to the front of the ego car?","One motorcycle is with a rider.","There is a motorcycle in front of the ego car.","0.25","0.0","0.8923","3362.1","6","CAM_FRONT; CAM_FRONT_LEFT; CAM_FRONT_RIGHT; CAM_BACK; CAM_BACK_LEFT; CAM_BACK_RIGHT","F_other","3.82"
"02e484442a2f411b971edcf96ebbe885","88e5ef09515d413f84fa21b087065420","perception","status_query","What is the status of the car that is to the front right of the ego car?","The car to the front right of the ego car is moving.","Moving.","0.1538","0.0","0.8768","2773.5","6","CAM_FRONT; CAM_FRONT_LEFT; CAM_FRONT_RIGHT; CAM_BACK; CAM_BACK_LEFT; CAM_BACK_RIGHT","D_incomplete","3.82"
"02e484442a2f411b971edcf96ebbe885","88e5ef09515d413f84fa21b087065420","perception","status_query","What is the status of the truck that is to the back of the ego car?","One truck is moving.","Moving.","0.4","0.0","0.9016","2772.9","6","CAM_FRONT; CAM_FRONT_LEFT; CAM_FRONT_RIGHT; CAM_BACK; CAM_BACK_LEFT; CAM_BACK_RIGHT","","3.82"
"02e484442a2f411b971edcf96ebbe885","88e5ef09515d413f84fa21b087065420","perception","status_query","What is the status of the cars that are to the front of the ego car?","One of the cars is parked, and one is moving.","There are two cars in front of the ego car.","0.3","0.0","0.8855","3457.4","6","CAM_FRONT; CAM_FRONT_LEFT; CAM_FRONT_RIGHT; CAM_BACK; CAM_BACK_LEFT; CAM_BACK_RIGHT","","3.82"
"02e484442a2f411b971edcf96ebbe885","88e5ef09515d413f84fa21b087065420","perception","object_enumeration","What are objects to the front left of the ego car?","There is one pedestrian to the front left of the ego car.","There are two cars and a pedestrian to the front left of the ego car.","0.7407","0.0","0.9575","3838.7","6","CAM_FRONT; CAM_FRONT_LEFT; CAM_FRONT_RIGHT; CAM_BACK; CAM_BACK_LEFT; CAM_BACK_RIGHT","","3.82"
"02e484442a2f411b971edcf96ebbe885","88e5ef09515d413f84fa21b087065420","perception","status_query","What is the status of the pedestrian that is to the front left of the ego car?","The pedestrian to the front left of the ego car is standing.","Moving.","0.0","0.0","0.8745","2816.7","6","CAM_FRONT; CAM_FRONT_LEFT; CAM_FRONT_RIGHT; CAM_BACK; CAM_BACK_LEFT; CAM_BACK_RIGHT","B_wrong_status","3.82"
"02e484442a2f411b971edcf96ebbe885","88e5ef09515d413f84fa21b087065420","perception","status_query","What is the status of the motorcycle that is to the front right of the ego car?","One motorcycle is with a rider.","Moving.","0.0","0.0","0.8812","2796.5","6","CAM_FRONT; CAM_FRONT_LEFT; CAM_FRONT_RIGHT; CAM_BACK; CAM_BACK_LEFT; CAM_BACK_RIGHT","D_incomplete","3.82"
"02e484442a2f411b971edcf96ebbe885","88e5ef09515d413f84fa21b087065420","perception","status_query","What is the status of the pedestrian that is to the back of the ego car?","One pedestrian is moving.","Moving.","0.4","0.0","0.9064","2796.0","6","CAM_FRONT; CAM_FRONT_LEFT; CAM_FRONT_RIGHT; CAM_BACK; CAM_BACK_LEFT; CAM_BACK_RIGHT","","3.82"
"02e484442a2f411b971edcf96ebbe885","88e5ef09515d413f84fa21b087065420","perception","yes_no","Are there bicycles with riders to the back left of the ego car?","No.","No.","1.0","1.0","1.0","2622.1","6","CAM_FRONT; CAM_FRONT_LEFT; CAM_FRONT_RIGHT; CAM_BACK; CAM_BACK_LEFT; CAM_BACK_RIGHT","","3.82"
"02e484442a2f411b971edcf96ebbe885","88e5ef09515d413f84fa21b087065420","perception","yes_no","Are there parked construction vehicles to the back left of the ego car?","No.","No.","1.0","1.0","1.0","2565.5","6","CAM_FRONT; CAM_FRONT_LEFT; CAM_FRONT_RIGHT; CAM_BACK; CAM_BACK_LEFT; CAM_BACK_RIGHT","","3.82"
"02e484442a2f411b971edcf96ebbe885","88e5ef09515d413f84fa21b087065420","perception","yes_no","Are there traffic cones to the back right of the ego car?","Yes.","No.","0.0","0.0","0.9945","2549.7","6","CAM_FRONT; CAM_FRONT_LEFT; CAM_FRONT_RIGHT; CAM_BACK; CAM_BACK_LEFT; CAM_BACK_RIGHT","F_other","3.82"
"02e484442a2f411b971edcf96ebbe885","88e5ef09515d413f84fa21b087065420","perception","yes_no","Are there motorcycles with riders to the front right of the ego car?","Yes.","No.","0.0","0.0","0.9945","2562.3","6","CAM_FRONT; CAM_FRONT_LEFT; CAM_FRONT_RIGHT; CAM_BACK; CAM_BACK_LEFT; CAM_BACK_RIGHT","F_other","3.82"
"02e484442a2f411b971edcf96ebbe885","88e5ef09515d413f84fa21b087065420","perception","yes_no","Are there moving cars to the back right of the ego car?","Yes.","Yes.","1.0","1.0","1.0","2582.4","6","CAM_FRONT; CAM_FRONT_LEFT; CAM_FRONT_RIGHT; CAM_BACK; CAM_BACK_LEFT; CAM_BACK_RIGHT","","3.82"
"02e484442a2f411b971edcf96ebbe885","88e5ef09515d413f84fa21b087065420","perception","yes_no","Are there moving pedestrians to the back of the ego car?","Yes.","Yes.","1.0","1.0","1.0","2381.9","6","CAM_FRONT; CAM_FRONT_LEFT; CAM_FRONT_RIGHT; CAM_BACK; CAM_BACK_LEFT; CAM_BACK_RIGHT","","3.82"
"02e484442a2f411b971edcf96ebbe885","88e5ef09515d413f84fa21b087065420","perception","yes_no","Are there moving pedestrians to the front right of the ego car?","Yes.","Yes.","1.0","1.0","1.0","2606.8","6","CAM_FRONT; CAM_FRONT_LEFT; CAM_FRONT_RIGHT; CAM_BACK; CAM_BACK_LEFT; CAM_BACK_RIGHT","","3.82"
"02e484442a2f411b971edcf96ebbe885","88e5ef09515d413f84fa21b087065420","perception","yes_no","Are there moving cars to the back of the ego car?","Yes.","Yes.","1.0","1.0","1.0","2386.4","6","CAM_FRONT; CAM_FRONT_LEFT; CAM_FRONT_RIGHT; CAM_BACK; CAM_BACK_LEFT; CAM_BACK_RIGHT","","3.82"
"02e484442a2f411b971edcf96ebbe885","88e5ef09515d413f84fa21b087065420","perception","yes_no","Are there moving trucks to the back of the ego car?","Yes.","Yes.","1.0","1.0","1.0","2607.5","6","CAM_FRONT; CAM_FRONT_LEFT; CAM_FRONT_RIGHT; CAM_BACK; CAM_BACK_LEFT; CAM_BACK_RIGHT","","3.82"
"02e484442a2f411b971edcf96ebbe885","88e5ef09515d413f84fa21b087065420","perception","yes_no","Are there moving pedestrians to the front of the ego car?","Yes.","Yes.","1.0","1.0","1.0","2616.2","6","CAM_FRONT; CAM_FRONT_LEFT; CAM_FRONT_RIGHT; CAM_BACK; CAM_BACK_LEFT; CAM_BACK_RIGHT","","3.82"
"02e484442a2f411b971edcf96ebbe885","88e5ef09515d413f84fa21b087065420","perception","yes_no","Are there parked cars to the front of the ego car?","Yes.","No.","0.0","0.0","0.9945","2605.7","6","CAM_FRONT; CAM_FRONT_LEFT; CAM_FRONT_RIGHT; CAM_BACK; CAM_BACK_LEFT; CAM_BACK_RIGHT","F_other","3.82"
"02e484442a2f411b971edcf96ebbe885","88e5ef09515d413f84fa21b087065420","perception","other_question_type","Please describe the current scene.","There is one moving car in front of the ego car, three moving cars behind the ego car, one parked car behind the ego car, one moving truck behind the ego car, one motorcycle with a rider in front of the ego car, and one moving pedestrian in front of the ego car.","The scene is a busy street with multiple cars and pedestrians. There are two cars behind the ego car, and many pedestrians are standing and moving.","0.2278","0.0","0.8613","5462.5","6","CAM_FRONT; CAM_FRONT_LEFT; CAM_FRONT_RIGHT; CAM_BACK; CAM_BACK_LEFT; CAM_BACK_RIGHT","B_wrong_status","3.82"
"02e484442a2f411b971edcf96ebbe885","88e5ef09515d413f84fa21b087065420","perception","what_query","What is the relative positioning of the important objects in the current scene?","the cycle or rider in front camera is in front of the vehicle in back-right camera, the vehicle in front-right camera is in front of the vehicle in back-right camera, the vehicle in back-right camera is on the front right of the vehicle in back-right camera, the vehicle in back camera is on the back left of the vehicle in back-right camera, the vehicle in front-right camera is on the front right of the cycle or rider in front camera, the vehicle in back camera is on the back of the cycle or rider in front camera, the vehicle in back-right camera is on the back right of the cycle or rider in front camera, the vehicle in front-right camera is in front of the vehicle in back-right camera, the vehicle in back camera is on the back left of the vehicle in back-right camera and the vehicle in back camera is on the back of the vehicle in front-right camera.","The ego car is in the front, and there are many pedestrians and two cars behind it.","0.0632","0.0","0.8146","2918.1","4","CAM_FRONT; CAM_BACK_RIGHT; CAM_FRONT_RIGHT; CAM_BACK","C_wrong_camera","3.82"
"02e484442a2f411b971edcf96ebbe885","88e5ef09515d413f84fa21b087065420","perception","yes_no","Is there any traffic element in the front view?","Yes, there are traffic elements in the front view.","Yes.","0.2","0.0","0.9103","2562.1","6","CAM_FRONT; CAM_FRONT_LEFT; CAM_FRONT_RIGHT; CAM_BACK; CAM_BACK_LEFT; CAM_BACK_RIGHT","D_incomplete","3.82"
"02e484442a2f411b971edcf96ebbe885","88e5ef09515d413f84fa21b087065420","perception","planning_other","Identify all the traffic elements in the front view, categorize them, determine their status, and predict the bounding box around each one. The output should be a list formatted as (c, s, x1, y1, x2, y2), where c represents the category, s denotes the status, and x1, y1, x2, y2 are the offsets of the top-left and bottom-right corners of the box relative to the center point.","There are many traffic elements in the front view. The information of these traffic elements is [(traffic light, red, 213.3, 79.63, 302.17, 120.71), (traffic light, green, 930.67, 239.07, 981.49, 259.79), (traffic light, green, 1436.76, 388.96, 1459.29, 433.99), (traffic light, unknown, 376.09, 366.87, 399.18, 407.58), (traffic light, red, 403.58, 363.21, 432.0, 408.47), (traffic light, unknown, 692.22, 381.61, 713.11, 416.7)].","","0.0","0.0","","11730.5","6","CAM_FRONT; CAM_FRONT_LEFT; CAM_FRONT_RIGHT; CAM_BACK; CAM_BACK_LEFT; CAM_BACK_RIGHT","D_incomplete","3.82"
"02e484442a2f411b971edcf96ebbe885","88e5ef09515d413f84fa21b087065420","perception","which_query","Which lanes are each important object on in the scene?","<c2, CAM_FRONT, 1002.5, 522.5> is in the ego lane.","","0.0","0.0","","11289.6","6","CAM_FRONT; CAM_FRONT_LEFT; CAM_FRONT_RIGHT; CAM_BACK; CAM_BACK_LEFT; CAM_BACK_RIGHT","D_incomplete","3.82"
"02e484442a2f411b971edcf96ebbe885","88e5ef09515d413f84fa21b087065420","perception","what_query","What are the important objects in the current scene? Those objects will be considered for the future reasoning and driving decision.","There is a gray SUV to the back right of the ego vehicle, a person riding a motorcycle to the front of the ego vehicle, a white SUV to the back right of the ego vehicle, a gray sedan to the front right of the ego vehicle, and a silver gray sedan to the back of the ego vehicle. The IDs of these objects are the vehicle in back-right camera, the cycle or rider in front camera, the vehicle in back-right camera, the vehicle in front-right camera, and the vehicle in back camera.","There are many pedestrians and two cars behind the ego car.","0.0748","0.0","0.8279","2375.0","4","CAM_BACK_RIGHT; CAM_FRONT; CAM_FRONT_RIGHT; CAM_BACK","D_incomplete","3.82"
"02e484442a2f411b971edcf96ebbe885","88e5ef09515d413f84fa21b087065420","perception","what_query","What is the observed status of the vehicle in back-right camera?","Moving.","Moving.","1.0","1.0","1.0","749.4","1","CAM_BACK_RIGHT","","3.82"
"02e484442a2f411b971edcf96ebbe885","88e5ef09515d413f84fa21b087065420","perception","what_query","What is the moving status of the vehicle in back-right camera?","Going ahead.","Moving.","0.0","0.0","0.9201","768.0","1","CAM_BACK_RIGHT","F_other","3.82"
"02e484442a2f411b971edcf96ebbe885","88e5ef09515d413f84fa21b087065420","perception","what_query","What is the observed status of the cycle or rider in front camera?","Moving.","Moving.","1.0","1.0","1.0","781.7","1","CAM_FRONT","","3.82"
"02e484442a2f411b971edcf96ebbe885","88e5ef09515d413f84fa21b087065420","perception","what_query","What is the moving status of the cycle or rider in front camera?","Going ahead.","Moving.","0.0","0.0","0.9201","782.8","1","CAM_FRONT","F_other","3.82"
"02e484442a2f411b971edcf96ebbe885","88e5ef09515d413f84fa21b087065420","perception","what_query","What is the observed status of the vehicle in back-right camera?","Moving.","Moving.","1.0","1.0","1.0","787.8","1","CAM_BACK_RIGHT","","3.82"
"02e484442a2f411b971edcf96ebbe885","88e5ef09515d413f84fa21b087065420","perception","what_query","What is the moving status of the vehicle in back-right camera?","Going ahead.","Moving.","0.0","0.0","0.9201","780.2","1","CAM_BACK_RIGHT","F_other","3.82"
"02e484442a2f411b971edcf96ebbe885","88e5ef09515d413f84fa21b087065420","perception","what_query","What is the observed status of the vehicle in front-right camera?","Moving.","Moving.","1.0","1.0","1.0","791.7","1","CAM_FRONT_RIGHT","","3.82"
"02e484442a2f411b971edcf96ebbe885","88e5ef09515d413f84fa21b087065420","perception","what_query","What is the moving status of the vehicle in front-right camera?","Going ahead.","Moving.","0.0","0.0","0.9201","778.0","1","CAM_FRONT_RIGHT","F_other","3.82"
"02e484442a2f411b971edcf96ebbe885","88e5ef09515d413f84fa21b087065420","perception","what_query","What is the observed status of the vehicle in back camera?","Moving.","Moving.","1.0","1.0","1.0","781.0","1","CAM_BACK","","3.82"
"02e484442a2f411b971edcf96ebbe885","88e5ef09515d413f84fa21b087065420","perception","what_query","What is the moving status of the vehicle in back camera?","Going ahead.","Moving.","0.0","0.0","0.9201","783.5","1","CAM_BACK","F_other","3.82"
"02e484442a2f411b971edcf96ebbe885","88e5ef09515d413f84fa21b087065420","perception","visual_description","What is the visual description of the vehicle in back-right camera?","Gray SUV.","There is a car in the back-right camera.","0.0","0.0","0.8841","1184.4","1","CAM_BACK_RIGHT","F_other","3.82"
"02e484442a2f411b971edcf96ebbe885","88e5ef09515d413f84fa21b087065420","perception","visual_description","What is the visual description of the cycle or rider in front camera?","A person riding a motorcycle.","The cycle is moving.","0.0","0.0","0.8739","884.4","1","CAM_FRONT","F_other","3.82"
"02e484442a2f411b971edcf96ebbe885","88e5ef09515d413f84fa21b087065420","perception","visual_description","What is the visual description of the vehicle in back-right camera?","White SUV.","There is a car in the back-right camera.","0.0","0.0","0.884","1164.5","1","CAM_BACK_RIGHT","F_other","3.82"
"02e484442a2f411b971edcf96ebbe885","88e5ef09515d413f84fa21b087065420","perception","visual_description","What is the visual description of the vehicle in front-right camera?","Gray sedan.","There is a motorcycle in front of the ego car.","0.0","0.0","0.879","1269.4","1","CAM_FRONT_RIGHT","F_other","3.82"
"02e484442a2f411b971edcf96ebbe885","88e5ef09515d413f84fa21b087065420","perception","visual_description","What is the visual description of the vehicle in back camera?","Silver gray sedan.","Moving.","0.0","0.0","0.8962","768.4","1","CAM_BACK","D_incomplete","3.82"
"02e484442a2f411b971edcf96ebbe885","88e5ef09515d413f84fa21b087065420","prediction","yes_no","Is the object in back-right camera a traffic sign or a road barrier?","No.","There are two traffic lights to the right.","0.0","0.0","0.8983","1055.5","1","CAM_BACK_RIGHT","F_other","3.82"
"02e484442a2f411b971edcf96ebbe885","88e5ef09515d413f84fa21b087065420","prediction","which_query","Which object is most likely to be occluded by the vehicle in back-right camera? Would this object affect the ego vehicle? Based on this object, what action of the ego vehicle is dangerous?","the vehicle in back-right camera, no, none.","There is a traffic light in front of the ego vehicle. The traffic light is most likely to be occluded by the vehicle in back-right camera. This would affect the ego vehicle's decision-making process. The ego vehicle is moving.","0.24","0.0","0.8737","3374.9","1","CAM_BACK_RIGHT","C_wrong_camera","3.82"
"02e484442a2f411b971edcf96ebbe885","88e5ef09515d413f84fa21b087065420","prediction","other_question_type","Would the vehicle in back-right camera be in the moving direction of the ego vehicle?","No.","No.","1.0","1.0","1.0","736.5","1","CAM_BACK_RIGHT","","3.82"
"02e484442a2f411b971edcf96ebbe885","88e5ef09515d413f84fa21b087065420","prediction","what_query","What is the future state of the vehicle in back-right camera?","Keep going straight.","Moving.","0.0","0.0","0.9134","764.9","1","CAM_BACK_RIGHT","D_incomplete","3.82"
"02e484442a2f411b971edcf96ebbe885","88e5ef09515d413f84fa21b087065420","prediction","yes_no","Is the object in front camera a traffic sign or a road barrier?","No.","There are two traffic lights in the image.","0.0","0.0","0.8907","1067.3","1","CAM_FRONT","F_other","3.82"
"02e484442a2f411b971edcf96ebbe885","88e5ef09515d413f84fa21b087065420","prediction","which_query","Which object is most likely to be occluded by the cycle or rider in front camera? Would this object affect the ego vehicle? Based on this object, what action of the ego vehicle is dangerous?","None, no, none.","There is a person riding a motorcycle in front of the camera. The motorcycle is most likely to be occluded by the cycle or rider in front camera.","0.0","0.0","0.8139","6620.9","1","CAM_FRONT","A_hallucination","3.82"
"02e484442a2f411b971edcf96ebbe885","88e5ef09515d413f84fa21b087065420","prediction","other_question_type","Would the cycle or rider in front camera be in the moving direction of the ego vehicle?","Yes.","No.","0.0","0.0","0.9945","709.3","1","CAM_FRONT","F_other","3.82"
"02e484442a2f411b971edcf96ebbe885","88e5ef09515d413f84fa21b087065420","prediction","what_query","What is the future state of the cycle or rider in front camera?","Keep going straight.","Moving","0.0","0.0","0.8638","735.3","1","CAM_FRONT","D_incomplete","3.82"
"02e484442a2f411b971edcf96ebbe885","88e5ef09515d413f84fa21b087065420","prediction","yes_no","Is the object in back-right camera a traffic sign or a road barrier?","No.","There are two traffic lights to the right.","0.0","0.0","0.8983","1065.2","1","CAM_BACK_RIGHT","F_other","3.82"
"02e484442a2f411b971edcf96ebbe885","88e5ef09515d413f84fa21b087065420","prediction","which_query","Which object is most likely to be occluded by the vehicle in back-right camera? Would this object affect the ego vehicle? Based on this object, what action of the ego vehicle is dangerous?","None, no, none.","There is a traffic light in front of the ego vehicle. The traffic light is most likely to be occluded by the vehicle in back-right camera. This would affect the ego vehicle's decision-making process. The ego vehicle is moving.","0.0","0.0","0.8212","3413.8","1","CAM_BACK_RIGHT","A_hallucination","3.82"
"02e484442a2f411b971edcf96ebbe885","88e5ef09515d413f84fa21b087065420","prediction","other_question_type","Would the vehicle in back-right camera be in the moving direction of the ego vehicle?","No.","No.","1.0","1.0","1.0","724.5","1","CAM_BACK_RIGHT","","3.82"
"02e484442a2f411b971edcf96ebbe885","88e5ef09515d413f84fa21b087065420","prediction","what_query","What is the future state of the vehicle in back-right camera?","Keep going straight.","Moving.","0.0","0.0","0.9134","799.6","1","CAM_BACK_RIGHT","D_incomplete","3.82"
"02e484442a2f411b971edcf96ebbe885","88e5ef09515d413f84fa21b087065420","prediction","yes_no","Is the object in front-right camera a traffic sign or a road barrier?","No.","There are two traffic signs to the right.","0.0","0.0","0.8985","1105.6","1","CAM_FRONT_RIGHT","F_other","3.82"
"02e484442a2f411b971edcf96ebbe885","88e5ef09515d413f84fa21b087065420","prediction","which_query","Which object is most likely to be occluded by the vehicle in front-right camera? Would this object affect the ego vehicle? Based on this object, what action of the ego vehicle is dangerous?","None, no, none.","There is a motorcycle in front-right camera. The motorcycle is most likely to be occluded by the ego vehicle. The motorcycle is dangerous for the ego vehicle as it is in the way of the vehicle's path. The ego vehicle should slow down or stop to avoid a collision.","0.0","0.0","0.8167","3971.0","1","CAM_FRONT_RIGHT","A_hallucination","3.82"
"02e484442a2f411b971edcf96ebbe885","88e5ef09515d413f84fa21b087065420","prediction","other_question_type","Would the vehicle in front-right camera be in the moving direction of the ego vehicle?","No.","No.","1.0","1.0","1.0","721.3","1","CAM_FRONT_RIGHT","","3.82"
"02e484442a2f411b971edcf96ebbe885","88e5ef09515d413f84fa21b087065420","prediction","what_query","What is the future state of the vehicle in front-right camera?","Keep going straight.","Moving.","0.0","0.0","0.9134","771.4","1","CAM_FRONT_RIGHT","D_incomplete","3.82"
"02e484442a2f411b971edcf96ebbe885","88e5ef09515d413f84fa21b087065420","prediction","yes_no","Is the object in back camera a traffic sign or a road barrier?","No.","There are no traffic signs or road barriers in the back camera view.","0.1429","0.0","0.883","1397.0","1","CAM_BACK","F_other","3.82"
"02e484442a2f411b971edcf96ebbe885","88e5ef09515d413f84fa21b087065420","prediction","which_query","Which object is most likely to be occluded by the vehicle in back camera? Would this object affect the ego vehicle? Based on this object, what action of the ego vehicle is dangerous?","None, no, none.","There is a tree in front of the vehicle in the back camera. The ego vehicle is moving. The tree might be obstructing the view of the traffic sign for the ego vehicle, which could be dangerous if the driver is not aware of the sign.","0.0","0.0","0.8196","3380.7","1","CAM_BACK","A_hallucination","3.82"
"02e484442a2f411b971edcf96ebbe885","88e5ef09515d413f84fa21b087065420","prediction","other_question_type","Would the vehicle in back camera be in the moving direction of the ego vehicle?","Yes.","No.","0.0","0.0","0.9945","712.5","1","CAM_BACK","F_other","3.82"
"02e484442a2f411b971edcf96ebbe885","88e5ef09515d413f84fa21b087065420","prediction","what_query","What is the future state of the vehicle in back camera?","Keep going straight.","Moving.","0.0","0.0","0.9134","769.4","1","CAM_BACK","D_incomplete","3.82"
"02e484442a2f411b971edcf96ebbe885","88e5ef09515d413f84fa21b087065420","prediction","what_query","What object should the ego vehicle notice first when the ego vehicle is getting to the next possible location? What is the state of the object that is first noticed by the ego vehicle and what action should the ego vehicle take? What object should the ego vehicle notice second when the ego vehicle is getting to the next possible location? What is the state of the object perceived by the ego vehicle as second and what action should the ego vehicle take? What object should the ego vehicle notice third? What is the state of the object perceived by the ego vehicle as third and what action should the ego vehicle take?","Firstly, notice the cycle or rider in front camera. The object is going ahead, so the ego vehicle should continue going ahead at the same speed. Secondly, notice the vehicle in front-right camera. The object is going ahead, so the ego vehicle should keep going ahead at the same speed. Thirdly, notice the vehicle in back camera. The object is going ahead, so the ego vehicle should continue going ahead at the same speed.","There are 3 cars to the right. The ego vehicle should notice the first car first, which is parked.","0.1915","0.0","0.848","5037.3","3","CAM_FRONT; CAM_FRONT_RIGHT; CAM_BACK","C_wrong_camera","3.82"
"02e484442a2f411b971edcf96ebbe885","88e5ef09515d413f84fa21b087065420","prediction","yes_no","Are the object in front-right camera and the object in back-right camera traffic signs?","Neither is a traffic sign.","No.","0.0","0.0","0.8958","1129.8","2","CAM_FRONT_RIGHT; CAM_BACK_RIGHT","D_incomplete","3.82"
"02e484442a2f411b971edcf96ebbe885","88e5ef09515d413f84fa21b087065420","prediction","future_state","Will the vehicle in front-right camera be in the moving direction of the vehicle in back-right camera?","No.","No.","1.0","1.0","1.0","1109.4","2","CAM_FRONT_RIGHT; CAM_BACK_RIGHT","","3.82"
"02e484442a2f411b971edcf96ebbe885","88e5ef09515d413f84fa21b087065420","prediction","future_state","Will the vehicle in front-right camera change its motion state based on the vehicle in back-right camera?","Yes.","No.","0.0","0.0","0.9945","1083.5","2","CAM_FRONT_RIGHT; CAM_BACK_RIGHT","F_other","3.82"
"02e484442a2f411b971edcf96ebbe885","88e5ef09515d413f84fa21b087065420","prediction","other_question_type","Based on the observations of the vehicle in back-right camera, what are possible actions to be taken by the vehicle in front-right camera? What is the reason?","The action is to keep going at the same speed; the reason is that there is no safety issue.","The vehicle in front-right camera is moving.","0.1481","0.0","0.8578","1400.7","2","CAM_BACK_RIGHT; CAM_FRONT_RIGHT","F_other","3.82"
"02e484442a2f411b971edcf96ebbe885","88e5ef09515d413f84fa21b087065420","prediction","what_query","What object would consider the vehicle in front-right camera to be most relevant to its decision?","None.","The ego vehicle.","0.0","0.0","0.9128","895.2","1","CAM_FRONT_RIGHT","F_other","3.82"
"02e484442a2f411b971edcf96ebbe885","88e5ef09515d413f84fa21b087065420","prediction","what_query","What object would consider the vehicle in back-right camera to be most relevant to its decision?","the vehicle in front-right camera.","There are two traffic lights to the right.","0.2857","0.0","0.8773","1427.8","2","CAM_BACK_RIGHT; CAM_FRONT_RIGHT","C_wrong_camera","3.82"
"02e484442a2f411b971edcf96ebbe885","88e5ef09515d413f84fa21b087065420","prediction","yes_no","Are the object in back-right camera and the object in front-right camera traffic signs?","Neither is a traffic sign.","No.","0.0","0.0","0.8958","1102.4","2","CAM_BACK_RIGHT; CAM_FRONT_RIGHT","D_incomplete","3.82"
"02e484442a2f411b971edcf96ebbe885","88e5ef09515d413f84fa21b087065420","prediction","future_state","Will the vehicle in back-right camera be in the moving direction of the vehicle in front-right camera?","Yes.","No.","0.0","0.0","0.9945","1081.4","2","CAM_BACK_RIGHT; CAM_FRONT_RIGHT","F_other","3.82"
"02e484442a2f411b971edcf96ebbe885","88e5ef09515d413f84fa21b087065420","prediction","future_state","Will the vehicle in back-right camera change its motion state based on the vehicle in front-right camera?","No.","No.","1.0","1.0","1.0","1052.2","2","CAM_BACK_RIGHT; CAM_FRONT_RIGHT","","3.82"
"02e484442a2f411b971edcf96ebbe885","88e5ef09515d413f84fa21b087065420","prediction","other_question_type","Based on the observations of the vehicle in front-right camera, what are possible actions to be taken by the vehicle in back-right camera? What is the reason?","The action is to keep going at the same speed; the reason is that there is no safety issue.","The vehicle in back-right camera should consider the traffic element in front-right camera to be most relevant to its decision. The ego vehicle is moving.","0.1739","0.0","0.8555","2517.6","2","CAM_FRONT_RIGHT; CAM_BACK_RIGHT","F_other","3.82"
"02e484442a2f411b971edcf96ebbe885","88e5ef09515d413f84fa21b087065420","prediction","what_query","What object would consider the vehicle in back-right camera to be most relevant to its decision?","the vehicle in front-right camera.","There are two traffic lights to the right.","0.2857","0.0","0.8773","1426.3","2","CAM_BACK_RIGHT; CAM_FRONT_RIGHT","C_wrong_camera","3.82"
"02e484442a2f411b971edcf96ebbe885","88e5ef09515d413f84fa21b087065420","prediction","what_query","What object would consider the vehicle in front-right camera to be most relevant to its decision?","None.","The ego vehicle.","0.0","0.0","0.9128","869.4","1","CAM_FRONT_RIGHT","F_other","3.82"
"02e484442a2f411b971edcf96ebbe885","88e5ef09515d413f84fa21b087065420","planning","yes_no","Is the vehicle in back-right camera an object that the ego vehicle should consider in the current scene?","Yes.","Yes.","1.0","1.0","1.0","2844.8","6","CAM_FRONT; CAM_FRONT_LEFT; CAM_FRONT_RIGHT; CAM_BACK; CAM_BACK_LEFT; CAM_BACK_RIGHT","","3.82"
"02e484442a2f411b971edcf96ebbe885","88e5ef09515d413f84fa21b087065420","planning","what_query","What actions could the ego vehicle take based on the vehicle in back-right camera? Why take this action and what's the probability?","The action is to keep going at the same speed. The reason is that there is no safety issue, with a high probability.","Low.","0.0","0.0","0.8757","4835.1","6","CAM_FRONT; CAM_FRONT_LEFT; CAM_FRONT_RIGHT; CAM_BACK; CAM_BACK_LEFT; CAM_BACK_RIGHT","D_incomplete","3.82"
"02e484442a2f411b971edcf96ebbe885","88e5ef09515d413f84fa21b087065420","planning","what_query","What is the probability of colliding with the vehicle in back-right camera after the ego vehicle goes straight and keeps the same speed?","Low.","Low.","1.0","1.0","1.0","2854.6","6","CAM_FRONT; CAM_FRONT_LEFT; CAM_FRONT_RIGHT; CAM_BACK; CAM_BACK_LEFT; CAM_BACK_RIGHT","","3.82"
"02e484442a2f411b971edcf96ebbe885","88e5ef09515d413f84fa21b087065420","planning","what_query","What actions taken by the ego vehicle can lead to a collision with the vehicle in back-right camera?","No such action will lead to a collision.","Accelerate and go straight actions taken by the ego vehicle can lead to a collision with the vehicle in back-right camera.","0.3333","0.0","0.8868","4457.9","6","CAM_FRONT; CAM_FRONT_LEFT; CAM_FRONT_RIGHT; CAM_BACK; CAM_BACK_LEFT; CAM_BACK_RIGHT","","3.82"
"02e484442a2f411b971edcf96ebbe885","88e5ef09515d413f84fa21b087065420","planning","yes_no","Is the cycle or rider in front camera an object that the ego vehicle should consider in the current scene?","Yes.","Yes.","1.0","1.0","1.0","2872.4","6","CAM_FRONT; CAM_FRONT_LEFT; CAM_FRONT_RIGHT; CAM_BACK; CAM_BACK_LEFT; CAM_BACK_RIGHT","","3.82"
"02e484442a2f411b971edcf96ebbe885","88e5ef09515d413f84fa21b087065420","planning","what_query","What actions could the ego vehicle take based on the cycle or rider in front camera? Why take this action and what's the probability?","The action is to keep going at the same speed. The reason is to follow the traffic rules, high.","Low.","0.0","0.0","0.883","4719.4","6","CAM_FRONT; CAM_FRONT_LEFT; CAM_FRONT_RIGHT; CAM_BACK; CAM_BACK_LEFT; CAM_BACK_RIGHT","D_incomplete","3.82"
"02e484442a2f411b971edcf96ebbe885","88e5ef09515d413f84fa21b087065420","planning","what_query","What is the probability of colliding with the cycle or rider in front camera after the ego vehicle goes straight and keeps the same speed?","Low.","Low.","1.0","1.0","1.0","2827.0","6","CAM_FRONT; CAM_FRONT_LEFT; CAM_FRONT_RIGHT; CAM_BACK; CAM_BACK_LEFT; CAM_BACK_RIGHT","","3.82"
"02e484442a2f411b971edcf96ebbe885","88e5ef09515d413f84fa21b087065420","planning","what_query","What actions taken by the ego vehicle can lead to a collision with the cycle or rider in front camera?","Accelerate and go straight can lead to a collision with the cycle or rider in front camera.","The ego vehicle is accelerating and going straight.","0.32","0.0","0.8534","3657.6","6","CAM_FRONT; CAM_FRONT_LEFT; CAM_FRONT_RIGHT; CAM_BACK; CAM_BACK_LEFT; CAM_BACK_RIGHT","","3.82"
"02e484442a2f411b971edcf96ebbe885","88e5ef09515d413f84fa21b087065420","planning","yes_no","Is the vehicle in back-right camera an object that the ego vehicle should consider in the current scene?","No.","Yes.","0.0","0.0","0.9945","2832.2","6","CAM_FRONT; CAM_FRONT_LEFT; CAM_FRONT_RIGHT; CAM_BACK; CAM_BACK_LEFT; CAM_BACK_RIGHT","E_planning_error","3.82"
"02e484442a2f411b971edcf96ebbe885","88e5ef09515d413f84fa21b087065420","planning","what_query","What actions could the ego vehicle take based on the vehicle in back-right camera? Why take this action and what's the probability?","The action is to keep going at the same speed. The reason is that there is no safety issue. The probability is high.","Low.","0.0","0.0","0.879","4709.0","6","CAM_FRONT; CAM_FRONT_LEFT; CAM_FRONT_RIGHT; CAM_BACK; CAM_BACK_LEFT; CAM_BACK_RIGHT","D_incomplete","3.82"
"02e484442a2f411b971edcf96ebbe885","88e5ef09515d413f84fa21b087065420","planning","what_query","What is the probability of colliding with the vehicle in back-right camera after the ego vehicle goes straight and keeps the same speed?","Low.","Low.","1.0","1.0","1.0","2845.0","6","CAM_FRONT; CAM_FRONT_LEFT; CAM_FRONT_RIGHT; CAM_BACK; CAM_BACK_LEFT; CAM_BACK_RIGHT","","3.82"
"02e484442a2f411b971edcf96ebbe885","88e5ef09515d413f84fa21b087065420","planning","what_query","What actions taken by the ego vehicle can lead to a collision with the vehicle in back-right camera?","No such action will lead to a collision.","Accelerate and go straight actions taken by the ego vehicle can lead to a collision with the vehicle in back-right camera.","0.3333","0.0","0.8868","4492.6","6","CAM_FRONT; CAM_FRONT_LEFT; CAM_FRONT_RIGHT; CAM_BACK; CAM_BACK_LEFT; CAM_BACK_RIGHT","","3.82"
"02e484442a2f411b971edcf96ebbe885","88e5ef09515d413f84fa21b087065420","planning","yes_no","Is the vehicle in front-right camera an object that the ego vehicle should consider in the current scene?","Yes.","Yes.","1.0","1.0","1.0","2850.9","6","CAM_FRONT; CAM_FRONT_LEFT; CAM_FRONT_RIGHT; CAM_BACK; CAM_BACK_LEFT; CAM_BACK_RIGHT","","3.82"
"02e484442a2f411b971edcf96ebbe885","88e5ef09515d413f84fa21b087065420","planning","what_query","What actions could the ego vehicle take based on the vehicle in front-right camera? Why take this action and what's the probability?","The action is to keep going at the same speed. The reason is to follow the traffic rules, high.","High.","0.1","0.0","0.8879","4479.5","6","CAM_FRONT; CAM_FRONT_LEFT; CAM_FRONT_RIGHT; CAM_BACK; CAM_BACK_LEFT; CAM_BACK_RIGHT","D_incomplete","3.82"
"02e484442a2f411b971edcf96ebbe885","88e5ef09515d413f84fa21b087065420","planning","what_query","What is the probability of colliding with the vehicle in front-right camera after the ego vehicle goes straight and keeps the same speed?","Low.","Low.","1.0","1.0","1.0","2819.1","6","CAM_FRONT; CAM_FRONT_LEFT; CAM_FRONT_RIGHT; CAM_BACK; CAM_BACK_LEFT; CAM_BACK_RIGHT","","3.82"
"02e484442a2f411b971edcf96ebbe885","88e5ef09515d413f84fa21b087065420","planning","what_query","What actions taken by the ego vehicle can lead to a collision with the vehicle in front-right camera?","Moderate right turn.","Accelerate and go straight actions taken by the ego vehicle can lead to a collision with the vehicle in front-right camera.","0.08","0.0","0.8474","4433.9","6","CAM_FRONT; CAM_FRONT_LEFT; CAM_FRONT_RIGHT; CAM_BACK; CAM_BACK_LEFT; CAM_BACK_RIGHT","A_hallucination","3.82"
"02e484442a2f411b971edcf96ebbe885","88e5ef09515d413f84fa21b087065420","planning","yes_no","Is the vehicle in back camera an object that the ego vehicle should consider in the current scene?","No.","Yes.","0.0","0.0","0.9945","2857.3","6","CAM_FRONT; CAM_FRONT_LEFT; CAM_FRONT_RIGHT; CAM_BACK; CAM_BACK_LEFT; CAM_BACK_RIGHT","E_planning_error","3.82"
"02e484442a2f411b971edcf96ebbe885","88e5ef09515d413f84fa21b087065420","planning","what_query","What actions could the ego vehicle take based on the vehicle in back camera? Why take this action and what's the probability?","The action is to keep going at the same speed. The reason is to follow the traffic rules, which has a high probability.","High.","0.0833","0.0","0.8724","4851.3","6","CAM_FRONT; CAM_FRONT_LEFT; CAM_FRONT_RIGHT; CAM_BACK; CAM_BACK_LEFT; CAM_BACK_RIGHT","D_incomplete","3.82"
"02e484442a2f411b971edcf96ebbe885","88e5ef09515d413f84fa21b087065420","planning","what_query","What is the probability of colliding with the vehicle in back camera after the ego vehicle goes straight and keeps the same speed?","Low.","Low.","1.0","1.0","1.0","2856.3","6","CAM_FRONT; CAM_FRONT_LEFT; CAM_FRONT_RIGHT; CAM_BACK; CAM_BACK_LEFT; CAM_BACK_RIGHT","","3.82"
"02e484442a2f411b971edcf96ebbe885","88e5ef09515d413f84fa21b087065420","planning","what_query","What actions taken by the ego vehicle can lead to a collision with the vehicle in back camera?","Back up.","Accelerate and go straight actions taken by the ego vehicle can lead to a collision with the vehicle in back camera.","0.087","0.0","0.8538","4383.9","6","CAM_FRONT; CAM_FRONT_LEFT; CAM_FRONT_RIGHT; CAM_BACK; CAM_BACK_LEFT; CAM_BACK_RIGHT","A_hallucination","3.82"
"02e484442a2f411b971edcf96ebbe885","88e5ef09515d413f84fa21b087065420","planning","what_query","What is the traffic signal that the ego vehicle should pay attention to?","Green light.","The ego vehicle should pay attention to the traffic signal in the front left camera.","0.0","0.0","0.8725","3629.9","6","CAM_FRONT; CAM_FRONT_LEFT; CAM_FRONT_RIGHT; CAM_BACK; CAM_BACK_LEFT; CAM_BACK_RIGHT","E_planning_error","3.82"
"02e484442a2f411b971edcf96ebbe885","88e5ef09515d413f84fa21b087065420","planning","what_query","What is the target action of the ego vehicle?","Go straight.","The target action of the ego vehicle is to keep going at the same speed.","0.1176","0.0","0.8667","3710.3","6","CAM_FRONT; CAM_FRONT_LEFT; CAM_FRONT_RIGHT; CAM_BACK; CAM_BACK_LEFT; CAM_BACK_RIGHT","E_planning_error","3.82"
"02e484442a2f411b971edcf96ebbe885","88e5ef09515d413f84fa21b087065420","planning","other_question_type","In this scenario, what are safe actions to take for the ego vehicle?","Keep going at the same speed, decelerate gradually without braking.","In this scenario, the ego vehicle should maintain a safe distance from the vehicle in front camera. This can be achieved by accelerating and going straight.","0.0556","0.0","0.8643","5669.0","6","CAM_FRONT; CAM_FRONT_LEFT; CAM_FRONT_RIGHT; CAM_BACK; CAM_BACK_LEFT; CAM_BACK_RIGHT","A_hallucination","3.82"
"02e484442a2f411b971edcf96ebbe885","88e5ef09515d413f84fa21b087065420","planning","other_question_type","In this scenario, what are dangerous actions to take for the ego vehicle?","Accelerate and go ahead, back up, and brake suddenly.","In this scenario, the ego vehicle should avoid accelerating and going straight, as these actions can lead to a collision with the vehicle in front camera. Instead, the vehicle should maintain a safe distance and keep going at the same speed.","0.16","0.0","0.8429","5863.7","6","CAM_FRONT; CAM_FRONT_LEFT; CAM_FRONT_RIGHT; CAM_BACK; CAM_BACK_LEFT; CAM_BACK_RIGHT","A_hallucination","3.82"
"02e484442a2f411b971edcf96ebbe885","88e5ef09515d413f84fa21b087065420","planning","what_query","What is the priority of the objects that the ego vehicle should consider?(in descending order)","The priority of the objects that the ego vehicle should consider (in descending order) is the cycle or rider in front camera, the vehicle in front-right camera, the vehicle in back camera, the vehicle in back-right camera, the vehicle in back-right camera.","There are 5 vehicles to the left.","0.0769","0.0","0.8442","3719.8","6","CAM_FRONT; CAM_FRONT_LEFT; CAM_FRONT_RIGHT; CAM_BACK; CAM_BACK_LEFT; CAM_BACK_RIGHT","C_wrong_camera","3.82"
"02e484442a2f411b971edcf96ebbe885","88e5ef09515d413f84fa21b087065420","behavior","ego_behavior_prediction","Predict the behavior of the ego vehicle.","The ego vehicle is slightly steering to the right. The ego vehicle is driving with normal speed.","The ego vehicle is going straight. The ego vehicle is driving fast.","0.6207","0.0","0.9343","3643.8","6","CAM_FRONT; CAM_FRONT_LEFT; CAM_FRONT_RIGHT; CAM_BACK; CAM_BACK_LEFT; CAM_BACK_RIGHT","","3.82"
"02e484442a2f411b971edcf96ebbe885","0473336e6eb74a03be3113d5a55ab6dc","perception","object_enumeration","What are objects to the back left of the ego car?","There are three pedestrians to the back left of the ego car.","There are two cars behind the ego car.","0.5","0.0","0.9421","3355.2","6","CAM_FRONT; CAM_FRONT_LEFT; CAM_FRONT_RIGHT; CAM_BACK; CAM_BACK_LEFT; CAM_BACK_RIGHT","","3.82"
"02e484442a2f411b971edcf96ebbe885","0473336e6eb74a03be3113d5a55ab6dc","perception","status_query","What is the status of the pedestrians that are to the back left of the ego car?","Three pedestrians are moving.","There are many pedestrians and two cars behind the ego car.","0.1333","0.0","0.8961","3435.5","6","CAM_FRONT; CAM_FRONT_LEFT; CAM_FRONT_RIGHT; CAM_BACK; CAM_BACK_LEFT; CAM_BACK_RIGHT","F_other","3.82"
"02e484442a2f411b971edcf96ebbe885","0473336e6eb74a03be3113d5a55ab6dc","perception","object_enumeration","What are objects to the back of the ego car?","There are many cars and two pedestrians behind the ego car.","There are many pedestrians and two cars behind the ego car.","0.8182","0.0","0.9816","3407.2","6","CAM_FRONT; CAM_FRONT_LEFT; CAM_FRONT_RIGHT; CAM_BACK; CAM_BACK_LEFT; CAM_BACK_RIGHT","","3.82"
"02e484442a2f411b971edcf96ebbe885","0473336e6eb74a03be3113d5a55ab6dc","perception","status_query","What is the status of the cars that are to the back of the ego car?","Many cars are parked.","There are two cars behind the ego car.","0.1667","0.0","0.9066","3170.9","6","CAM_FRONT; CAM_FRONT_LEFT; CAM_FRONT_RIGHT; CAM_BACK; CAM_BACK_LEFT; CAM_BACK_RIGHT","F_other","3.82"
"02e484442a2f411b971edcf96ebbe885","0473336e6eb74a03be3113d5a55ab6dc","perception","status_query","What is the status of the pedestrians that are to the back of the ego car?","Two pedestrians are moving.","There are many pedestrians and two cars behind the ego car.","0.1333","0.0","0.8957","3634.8","6","CAM_FRONT; CAM_FRONT_LEFT; CAM_FRONT_RIGHT; CAM_BACK; CAM_BACK_LEFT; CAM_BACK_RIGHT","F_other","3.82"
"02e484442a2f411b971edcf96ebbe885","0473336e6eb74a03be3113d5a55ab6dc","perception","object_enumeration","What are objects to the front of the ego car?","There are three cars and one motorcycle in front of the ego car.","There are two cars and two pedestrians in front of the ego car.","0.7692","0.0","0.9672","3570.2","6","CAM_FRONT; CAM_FRONT_LEFT; CAM_FRONT_RIGHT; CAM_BACK; CAM_BACK_LEFT; CAM_BACK_RIGHT","","3.82"
"02e484442a2f411b971edcf96ebbe885","0473336e6eb74a03be3113d5a55ab6dc","perception","status_query","What is the status of the cars that are to the front of the ego car?","Two of the cars are moving, and one is parked.","There are two cars in front of the ego car.","0.4","0.0","0.8894","3310.5","6","CAM_FRONT; CAM_FRONT_LEFT; CAM_FRONT_RIGHT; CAM_BACK; CAM_BACK_LEFT; CAM_BACK_RIGHT","","3.82"
"02e484442a2f411b971edcf96ebbe885","0473336e6eb74a03be3113d5a55ab6dc","perception","object_enumeration","What are objects to the front right of the ego car?","There are two pedestrians, one traffic cone, and two cars to the front right of the ego car.","There are two cars and a pedestrian to the front right of the ego car.","0.7273","0.0","0.9579","3649.0","6","CAM_FRONT; CAM_FRONT_LEFT; CAM_FRONT_RIGHT; CAM_BACK; CAM_BACK_LEFT; CAM_BACK_RIGHT","","3.82"
"02e484442a2f411b971edcf96ebbe885","0473336e6eb74a03be3113d5a55ab6dc","perception","status_query","What is the status of the pedestrians that are to the front right of the ego car?","Two pedestrians are moving.","There are two pedestrians to the front right of the ego car.","0.25","0.0","0.8961","3562.4","6","CAM_FRONT; CAM_FRONT_LEFT; CAM_FRONT_RIGHT; CAM_BACK; CAM_BACK_LEFT; CAM_BACK_RIGHT","F_other","3.82"
"02e484442a2f411b971edcf96ebbe885","0473336e6eb74a03be3113d5a55ab6dc","perception","status_query","What is the status of the motorcycle that is to the front of the ego car?","One motorcycle is with a rider.","There is a motorcycle parked in front of the ego car.","0.2353","0.0","0.8867","3428.8","6","CAM_FRONT; CAM_FRONT_LEFT; CAM_FRONT_RIGHT; CAM_BACK; CAM_BACK_LEFT; CAM_BACK_RIGHT","F_other","3.82"
"02e484442a2f411b971edcf96ebbe885","0473336e6eb74a03be3113d5a55ab6dc","perception","status_query","What is the status of the cars that are to the front right of the ego car?","One of the cars is parked, and one is moving.","There are two cars behind the ego car.","0.2222","0.0","0.887","3226.6","6","CAM_FRONT; CAM_FRONT_LEFT; CAM_FRONT_RIGHT; CAM_BACK; CAM_BACK_LEFT; CAM_BACK_RIGHT","F_other","3.82"
"02e484442a2f411b971edcf96ebbe885","0473336e6eb74a03be3113d5a55ab6dc","perception","yes_no","Are there moving construction vehicles to the front right of the ego car?","No.","Yes.","0.0","0.0","0.9945","2570.3","6","CAM_FRONT; CAM_FRONT_LEFT; CAM_FRONT_RIGHT; CAM_BACK; CAM_BACK_LEFT; CAM_BACK_RIGHT","F_other","3.82"
"02e484442a2f411b971edcf96ebbe885","0473336e6eb74a03be3113d5a55ab6dc","perception","yes_no","Are there moving cars to the back of the ego car?","No.","Yes.","0.0","0.0","0.9945","2583.9","6","CAM_FRONT; CAM_FRONT_LEFT; CAM_FRONT_RIGHT; CAM_BACK; CAM_BACK_LEFT; CAM_BACK_RIGHT","F_other","3.82"
"02e484442a2f411b971edcf96ebbe885","0473336e6eb74a03be3113d5a55ab6dc","perception","yes_no","Are there parked trucks to the front left of the ego car?","No.","No.","1.0","1.0","1.0","2612.7","6","CAM_FRONT; CAM_FRONT_LEFT; CAM_FRONT_RIGHT; CAM_BACK; CAM_BACK_LEFT; CAM_BACK_RIGHT","","3.82"
"02e484442a2f411b971edcf96ebbe885","0473336e6eb74a03be3113d5a55ab6dc","perception","yes_no","Are there motorcycles without riders to the back left of the ego car?","No.","No.","1.0","1.0","1.0","2611.5","6","CAM_FRONT; CAM_FRONT_LEFT; CAM_FRONT_RIGHT; CAM_BACK; CAM_BACK_LEFT; CAM_BACK_RIGHT","","3.82"
"02e484442a2f411b971edcf96ebbe885","0473336e6eb74a03be3113d5a55ab6dc","perception","yes_no","Are there moving cars to the back left of the ego car?","No.","Yes.","0.0","0.0","0.9945","2606.6","6","CAM_FRONT; CAM_FRONT_LEFT; CAM_FRONT_RIGHT; CAM_BACK; CAM_BACK_LEFT; CAM_BACK_RIGHT","F_other","3.82"
"02e484442a2f411b971edcf96ebbe885","0473336e6eb74a03be3113d5a55ab6dc","perception","yes_no","Are there moving pedestrians to the back left of the ego car?","Yes.","Yes.","1.0","1.0","1.0","2623.2","6","CAM_FRONT; CAM_FRONT_LEFT; CAM_FRONT_RIGHT; CAM_BACK; CAM_BACK_LEFT; CAM_BACK_RIGHT","","3.82"
"02e484442a2f411b971edcf96ebbe885","0473336e6eb74a03be3113d5a55ab6dc","perception","yes_no","Are there parked cars to the back of the ego car?","Yes.","Yes.","1.0","1.0","1.0","2615.1","6","CAM_FRONT; CAM_FRONT_LEFT; CAM_FRONT_RIGHT; CAM_BACK; CAM_BACK_LEFT; CAM_BACK_RIGHT","","3.82"
"02e484442a2f411b971edcf96ebbe885","0473336e6eb74a03be3113d5a55ab6dc","perception","yes_no","Are there moving cars to the front right of the ego car?","Yes.","Yes.","1.0","1.0","1.0","2616.8","6","CAM_FRONT; CAM_FRONT_LEFT; CAM_FRONT_RIGHT; CAM_BACK; CAM_BACK_LEFT; CAM_BACK_RIGHT","","3.82"
"02e484442a2f411b971edcf96ebbe885","0473336e6eb74a03be3113d5a55ab6dc","perception","yes_no","Are there traffic cones to the front right of the ego car?","Yes.","No.","0.0","0.0","0.9945","2626.8","6","CAM_FRONT; CAM_FRONT_LEFT; CAM_FRONT_RIGHT; CAM_BACK; CAM_BACK_LEFT; CAM_BACK_RIGHT","F_other","3.82"
"02e484442a2f411b971edcf96ebbe885","0473336e6eb74a03be3113d5a55ab6dc","perception","yes_no","Are there motorcycles with riders to the front of the ego car?","Yes.","No.","0.0","0.0","0.9945","2541.0","6","CAM_FRONT; CAM_FRONT_LEFT; CAM_FRONT_RIGHT; CAM_BACK; CAM_BACK_LEFT; CAM_BACK_RIGHT","F_other","3.82"
"02e484442a2f411b971edcf96ebbe885","0473336e6eb74a03be3113d5a55ab6dc","perception","yes_no","Are there moving cars to the front of the ego car?","Yes.","Yes.","1.0","1.0","1.0","2534.1","6","CAM_FRONT; CAM_FRONT_LEFT; CAM_FRONT_RIGHT; CAM_BACK; CAM_BACK_LEFT; CAM_BACK_RIGHT","","3.82"
"02e484442a2f411b971edcf96ebbe885","0473336e6eb74a03be3113d5a55ab6dc","perception","yes_no","Are there moving pedestrians to the back of the ego car?","Yes.","Yes.","1.0","1.0","1.0","2576.8","6","CAM_FRONT; CAM_FRONT_LEFT; CAM_FRONT_RIGHT; CAM_BACK; CAM_BACK_LEFT; CAM_BACK_RIGHT","","3.82"
"02e484442a2f411b971edcf96ebbe885","0473336e6eb74a03be3113d5a55ab6dc","perception","other_question_type","Please describe the current scene.","There is one moving car in front of the ego car, many parked cars behind the ego car, and one motorcycle with a rider in front of the ego car.","The scene is a busy street with multiple pedestrians and two cars behind the ego car. The ego car is parked, and there are no visible objects in the back of the car.","0.4127","0.0","0.9076","4709.1","6","CAM_FRONT; CAM_FRONT_LEFT; CAM_FRONT_RIGHT; CAM_BACK; CAM_BACK_LEFT; CAM_BACK_RIGHT","","3.82"
"02e484442a2f411b971edcf96ebbe885","0473336e6eb74a03be3113d5a55ab6dc","perception","what_query","What is the relative positioning of the important objects in the current scene?","the vehicle in front camera is in front of the cycle or rider in front camera, the vehicle in back camera is behind the cycle or rider in front camera, and the vehicle in front camera is in front of the vehicle in back camera.","There are many pedestrians and two cars behind the ego car.","0.0714","0.0","0.8371","1774.1","2","CAM_FRONT; CAM_BACK","D_incomplete","3.82"
"02e484442a2f411b971edcf96ebbe885","0473336e6eb74a03be3113d5a55ab6dc","perception","yes_no","Is there any traffic element in the front view?","Yes, there are some traffic elements in the front view.","No.","0.0","0.0","0.905","2593.6","6","CAM_FRONT; CAM_FRONT_LEFT; CAM_FRONT_RIGHT; CAM_BACK; CAM_BACK_LEFT; CAM_BACK_RIGHT","D_incomplete","3.82"
"02e484442a2f411b971edcf96ebbe885","0473336e6eb74a03be3113d5a55ab6dc","perception","planning_other","Identify all the traffic elements in the front view, categorize them, determine their status, and predict the bounding box around each one. The output should be a list formatted as (c, s, x1, y1, x2, y2), where c represents the category, s denotes the status, and x1, y1, x2, y2 are the offsets of the top-left and bottom-right corners of the box relative to the center point.","There are many traffic elements in the front view. The information of these traffic elements is [(traffic light, green, 1243.72, 401.58, 1260.4, 439.32), (traffic light, red, 538.02, 306.34, 578.27, 383.63), (traffic light, green, 530.78, 389.85, 548.23, 416.61), (traffic light, red, 550.57, 385.87, 567.54, 416.48), (traffic light, red, 474.28, 223.23, 513.55, 247.07), (traffic light, green, 915.6, 295.66, 956.42, 313.11), (traffic light, green, 508.74, 305.05, 537.22, 384.09)].","","0.0","0.0","","10498.2","6","CAM_FRONT; CAM_FRONT_LEFT; CAM_FRONT_RIGHT; CAM_BACK; CAM_BACK_LEFT; CAM_BACK_RIGHT","D_incomplete","3.82"
"02e484442a2f411b971edcf96ebbe885","0473336e6eb74a03be3113d5a55ab6dc","perception","which_query","Which lanes are each important object on in the scene?","the cycle or rider in front camera is on the ego lane, the vehicle in back camera is on the ego lane, and the vehicle in front camera is on the ego lane.","Cam Front: Ego Car.","0.1081","0.0","0.8385","1269.5","2","CAM_FRONT; CAM_BACK","C_wrong_camera","3.82"
"02e484442a2f411b971edcf96ebbe885","0473336e6eb74a03be3113d5a55ab6dc","perception","what_query","What are the important objects in the current scene? Those objects will be considered for the future reasoning and driving decision.","There is a person riding a motorcycle to the front of the ego vehicle, a gray sedan to the back of the ego vehicle, a blue van to the front of the ego vehicle, and a green light to the front of the ego vehicle. The IDs of these objects are the cycle or rider in front camera, the vehicle in back camera, the vehicle in front camera, and the traffic element in front camera.","There are many pedestrians and two cars behind the ego car.","0.093","0.0","0.8344","1773.8","2","CAM_FRONT; CAM_BACK","D_incomplete","3.82"
"02e484442a2f411b971edcf96ebbe885","0473336e6eb74a03be3113d5a55ab6dc","perception","what_query","What is the observed status of the cycle or rider in front camera?","Moving.","The cycle is parked.","0.0","0.0","0.896","892.3","1","CAM_FRONT","B_wrong_status","3.82"
"02e484442a2f411b971edcf96ebbe885","0473336e6eb74a03be3113d5a55ab6dc","perception","what_query","What is the moving status of the cycle or rider in front camera?","Going ahead.","Moving.","0.0","0.0","0.9201","747.6","1","CAM_FRONT","F_other","3.82"
"02e484442a2f411b971edcf96ebbe885","0473336e6eb74a03be3113d5a55ab6dc","perception","what_query","What is the observed status of the vehicle in back camera?","Stationary.","Moving.","0.0","0.0","0.9269","811.9","1","CAM_BACK","B_wrong_status","3.82"
"02e484442a2f411b971edcf96ebbe885","0473336e6eb74a03be3113d5a55ab6dc","perception","what_query","What is the observed status of the vehicle in front camera?","Moving.","Moving.","1.0","1.0","1.0","800.1","1","CAM_FRONT","","3.82"
"02e484442a2f411b971edcf96ebbe885","0473336e6eb74a03be3113d5a55ab6dc","perception","what_query","What is the moving status of the vehicle in front camera?","Going ahead.","Moving.","0.0","0.0","0.9201","789.5","1","CAM_FRONT","F_other","3.82"
"02e484442a2f411b971edcf96ebbe885","0473336e6eb74a03be3113d5a55ab6dc","perception","visual_description","What is the visual description of the cycle or rider in front camera?","Person riding a motorcycle.","There is a person riding a motorcycle in front of the ego car.","0.4706","0.0","0.9091","1427.3","1","CAM_FRONT","","3.82"
"02e484442a2f411b971edcf96ebbe885","0473336e6eb74a03be3113d5a55ab6dc","perception","visual_description","What is the visual description of the vehicle in back camera?","Gray sedan.","There is a car in the back camera.","0.0","0.0","0.8859","1063.3","1","CAM_BACK","F_other","3.82"
"02e484442a2f411b971edcf96ebbe885","0473336e6eb74a03be3113d5a55ab6dc","perception","visual_description","What is the visual description of the vehicle in front camera?","Blue van.","There is a blue vehicle in front of the camera.","0.1667","0.0","0.8971","1182.3","1","CAM_FRONT","F_other","3.82"
"02e484442a2f411b971edcf96ebbe885","0473336e6eb74a03be3113d5a55ab6dc","perception","visual_description","What is the visual description of the traffic element in front camera?","Green light.","There is a blue car in front of the camera.","0.0","0.0","0.8776","1168.4","1","CAM_FRONT","F_other","3.82"
"02e484442a2f411b971edcf96ebbe885","0473336e6eb74a03be3113d5a55ab6dc","prediction","yes_no","Is the object in front camera a traffic sign or a road barrier?","No.","No.","1.0","1.0","1.0","722.2","1","CAM_FRONT","","3.82"
"02e484442a2f411b971edcf96ebbe885","0473336e6eb74a03be3113d5a55ab6dc","prediction","which_query","Which object is most likely to be occluded by the cycle or rider in front camera? Would this object affect the ego vehicle? Based on this object, what action of the ego vehicle is dangerous?","None, no, none.","There is a motorcycle and a person in front camera. The motorcycle and the person are most likely to be occluded by the cycle or rider. This would affect the ego vehicle's decision-making process. The ego vehicle should be cautious while driving to avoid any accidents.","0.0","0.0","0.8186","3883.0","1","CAM_FRONT","A_hallucination","3.82"
"02e484442a2f411b971edcf96ebbe885","0473336e6eb74a03be3113d5a55ab6dc","prediction","other_question_type","Would the cycle or rider in front camera be in the moving direction of the ego vehicle?","No.","No.","1.0","1.0","1.0","745.1","1","CAM_FRONT","","3.82"
"02e484442a2f411b971edcf96ebbe885","0473336e6eb74a03be3113d5a55ab6dc","prediction","what_query","What is the future state of the cycle or rider in front camera?","Keep going straight.","The cycle or rider in front camera is moving.","0.0","0.0","0.8594","1207.4","1","CAM_FRONT","F_other","3.82"
"02e484442a2f411b971edcf96ebbe885","0473336e6eb74a03be3113d5a55ab6dc","prediction","yes_no","Is the object in back camera a traffic sign or a road barrier?","No.","There are no traffic signs or road barriers in the back camera view.","0.1429","0.0","0.883","1379.1","1","CAM_BACK","F_other","3.82"
"02e484442a2f411b971edcf96ebbe885","0473336e6eb74a03be3113d5a55ab6dc","prediction","other_question_type","Would the vehicle in back camera be in the moving direction of the ego vehicle?","No.","No.","1.0","1.0","1.0","768.1","1","CAM_BACK","","3.82"
"02e484442a2f411b971edcf96ebbe885","0473336e6eb74a03be3113d5a55ab6dc","prediction","what_query","What is the future state of the vehicle in back camera?","Stationary.","Moving.","0.0","0.0","0.9269","793.0","1","CAM_BACK","B_wrong_status","3.82"
"02e484442a2f411b971edcf96ebbe885","0473336e6eb74a03be3113d5a55ab6dc","prediction","yes_no","Is the object in front camera a traffic sign or a road barrier?","No.","No.","1.0","1.0","1.0","769.0","1","CAM_FRONT","","3.82"
"02e484442a2f411b971edcf96ebbe885","0473336e6eb74a03be3113d5a55ab6dc","prediction","which_query","Which object is most likely to be occluded by the vehicle in front camera? Would this object affect the ego vehicle? Based on this object, what action of the ego vehicle is dangerous?","None, no, none.","There is a traffic light in front camera. The traffic light would be most likely to be occluded by the vehicle in front camera. If the traffic light is red, the ego vehicle should stop. If the traffic light is green, the ego vehicle should proceed with caution.","0.0","0.0","0.8148","3603.4","1","CAM_FRONT","A_hallucination","3.82"
"02e484442a2f411b971edcf96ebbe885","0473336e6eb74a03be3113d5a55ab6dc","prediction","other_question_type","Would the vehicle in front camera be in the moving direction of the ego vehicle?","Yes.","No.","0.0","0.0","0.9945","781.9","1","CAM_FRONT","F_other","3.82"
"02e484442a2f411b971edcf96ebbe885","0473336e6eb74a03be3113d5a55ab6dc","prediction","what_query","What is the future state of the vehicle in front camera?","Keep going straight.","Moving","0.0","0.0","0.8638","758.7","1","CAM_FRONT","D_incomplete","3.82"
"02e484442a2f411b971edcf96ebbe885","0473336e6eb74a03be3113d5a55ab6dc","prediction","yes_no","Is the object in front camera a traffic sign or a road barrier?","Yes.","No.","0.0","0.0","0.9945","764.6","1","CAM_FRONT","F_other","3.82"
"02e484442a2f411b971edcf96ebbe885","0473336e6eb74a03be3113d5a55ab6dc","prediction","other_question_type","Would the traffic element in front camera be in the moving direction of the ego vehicle?","No.","No.","1.0","1.0","1.0","765.2","1","CAM_FRONT","","3.82"
"02e484442a2f411b971edcf96ebbe885","0473336e6eb74a03be3113d5a55ab6dc","prediction","what_query","What does the traffic element in front camera mean?","Please proceed.","There are 2 traffic lights in front camera.","0.0","0.0","0.8778","1105.2","1","CAM_FRONT","F_other","3.82"
"02e484442a2f411b971edcf96ebbe885","0473336e6eb74a03be3113d5a55ab6dc","prediction","other_question_type","In this scenario, what object is most likely to consider the traffic element in front camera?","the vehicle in front camera.","None.","0.0","0.0","0.8867","760.7","1","CAM_FRONT","D_incomplete","3.82"
"02e484442a2f411b971edcf96ebbe885","0473336e6eb74a03be3113d5a55ab6dc","prediction","what_query","What object should the ego vehicle notice first when the ego vehicle is getting to the next possible location? What is the state of the object that is first noticed by the ego vehicle and what action should the ego vehicle take? What object should the ego vehicle notice second when the ego vehicle is getting to the next possible location? What is the state of the object perceived by the ego vehicle as second and what action should the ego vehicle take? What object should the ego vehicle notice third? What is the state of the object perceived by the ego vehicle as third and what action should the ego vehicle take?","Firstly, notice the traffic element in front camera. It is a traffic sign, so the ego vehicle should remain stationary. Secondly, notice the cycle or rider in front camera. It is going ahead, so the ego vehicle should remain stationary. Thirdly, notice the vehicle in front camera. It is going ahead, so the ego vehicle should remain stationary.","There are 3 traffic lights to the left. The first traffic light is red, the second traffic light is green, and the third traffic light is yellow.","0.1647","0.0","0.8607","4836.6","1","CAM_FRONT","C_wrong_camera","3.82"
"02e484442a2f411b971edcf96ebbe885","0473336e6eb74a03be3113d5a55ab6dc","prediction","yes_no","Are the object in back camera and the object in front camera traffic signs?","Neither is a traffic sign.","No.","0.0","0.0","0.8958","1088.8","2","CAM_BACK; CAM_FRONT","D_incomplete","3.82"
"02e484442a2f411b971edcf96ebbe885","0473336e6eb74a03be3113d5a55ab6dc","prediction","future_state","Will the vehicle in back camera be in the moving direction of the cycle or rider in front camera?","No.","No.","1.0","1.0","1.0","1113.6","2","CAM_BACK; CAM_FRONT","","3.82"
"02e484442a2f411b971edcf96ebbe885","0473336e6eb74a03be3113d5a55ab6dc","prediction","future_state","Will the vehicle in back camera change its motion state based on the cycle or rider in front camera?","No.","No.","1.0","1.0","1.0","1052.6","2","CAM_BACK; CAM_FRONT","","3.82"
"02e484442a2f411b971edcf96ebbe885","0473336e6eb74a03be3113d5a55ab6dc","prediction","other_question_type","Based on the observations of the cycle or rider in front camera, what are possible actions to be taken by the vehicle in back camera? What is the reason?","The action is to remain stationary; there is no safety issue.","The vehicle in back camera should be prepared to stop or slow down if the cyclist or rider in front camera is moving towards it. This is because the cyclist or rider might not be visible in the back camera's view, and the vehicle should be cautious to avoid any accidents.","0.0952","0.0","0.8514","4051.6","2","CAM_FRONT; CAM_BACK","B_wrong_status","3.82"
"02e484442a2f411b971edcf96ebbe885","0473336e6eb74a03be3113d5a55ab6dc","prediction","what_query","What object would consider the vehicle in back camera to be most relevant to its decision?","None.","There are two cars to the right.","0.0","0.0","0.8979","1072.5","1","CAM_BACK","F_other","3.82"
"02e484442a2f411b971edcf96ebbe885","0473336e6eb74a03be3113d5a55ab6dc","prediction","what_query","What object would consider the cycle or rider in front camera to be most relevant to its decision?","The ego vehicle.","There are 2 people to the left.","0.2","0.0","0.8666","1074.0","1","CAM_FRONT","F_other","3.82"
"02e484442a2f411b971edcf96ebbe885","0473336e6eb74a03be3113d5a55ab6dc","prediction","other_question_type","Except for the ego vehicle, what object would consider the cycle or rider in front camera to be most relevant to its decision?","the vehicle in back camera.","None.","0.0","0.0","0.8901","1084.7","2","CAM_FRONT; CAM_BACK","D_incomplete","3.82"
"02e484442a2f411b971edcf96ebbe885","0473336e6eb74a03be3113d5a55ab6dc","prediction","yes_no","Are the object in back camera and the object in front camera traffic signs?","Only one of the boxes is a traffic sign.","No.","0.0","0.0","0.8834","1116.3","2","CAM_BACK; CAM_FRONT","D_incomplete","3.82"
"02e484442a2f411b971edcf96ebbe885","0473336e6eb74a03be3113d5a55ab6dc","prediction","future_state","Will the traffic element in front camera be in the moving direction of the vehicle in back camera?","No.","No.","1.0","1.0","1.0","1087.5","2","CAM_FRONT; CAM_BACK","","3.82"
"02e484442a2f411b971edcf96ebbe885","0473336e6eb74a03be3113d5a55ab6dc","prediction","other_question_type","Would the vehicle in back camera take the traffic element in front camera into account?","Yes.","No.","0.0","0.0","0.9945","1084.2","2","CAM_BACK; CAM_FRONT","F_other","3.82"
"02e484442a2f411b971edcf96ebbe885","0473336e6eb74a03be3113d5a55ab6dc","prediction","what_query","What object would consider the vehicle in back camera to be most relevant to its decision?","None.","There are two cars to the right.","0.0","0.0","0.8979","1020.5","1","CAM_BACK","F_other","3.82"
"02e484442a2f411b971edcf96ebbe885","0473336e6eb74a03be3113d5a55ab6dc","prediction","what_query","What object would consider the traffic element in front camera to be most relevant to its decision?","the vehicle in front camera.","There are two traffic lights in front camera.","0.4615","0.0","0.9153","1065.1","1","CAM_FRONT","","3.82"
"02e484442a2f411b971edcf96ebbe885","0473336e6eb74a03be3113d5a55ab6dc","prediction","what_query","What kind of traffic sign is the object in front camera?","Traffic light.","There is a traffic sign in the back camera.","0.1818","0.0","0.8867","1110.4","1","CAM_FRONT","F_other","3.82"
"02e484442a2f411b971edcf96ebbe885","0473336e6eb74a03be3113d5a55ab6dc","planning","yes_no","Is the cycle or rider in front camera an object that the ego vehicle should consider in the current scene?","Yes.","Yes.","1.0","1.0","1.0","2910.4","6","CAM_FRONT; CAM_FRONT_LEFT; CAM_FRONT_RIGHT; CAM_BACK; CAM_BACK_LEFT; CAM_BACK_RIGHT","","3.82"
"02e484442a2f411b971edcf96ebbe885","0473336e6eb74a03be3113d5a55ab6dc","planning","what_query","What actions could the ego vehicle take based on the cycle or rider in front camera? Why take this action and what's the probability?","The action is to remain stationary. The reason for this action is that there is no safety issue. The probability of this action is high.","Low.","0.0","0.0","0.8771","4838.9","6","CAM_FRONT; CAM_FRONT_LEFT; CAM_FRONT_RIGHT; CAM_BACK; CAM_BACK_LEFT; CAM_BACK_RIGHT","D_incomplete","3.82"
"02e484442a2f411b971edcf96ebbe885","0473336e6eb74a03be3113d5a55ab6dc","planning","what_query","What is the probability of colliding with the cycle or rider in front camera after the ego vehicle steps on the brakes?","Low.","Low.","1.0","1.0","1.0","2801.8","6","CAM_FRONT; CAM_FRONT_LEFT; CAM_FRONT_RIGHT; CAM_BACK; CAM_BACK_LEFT; CAM_BACK_RIGHT","","3.82"
"02e484442a2f411b971edcf96ebbe885","0473336e6eb74a03be3113d5a55ab6dc","planning","what_query","What actions taken by the ego vehicle can lead to a collision with the cycle or rider in front camera?","Slight right turn.","The ego vehicle is accelerating and going straight.","0.0","0.0","0.8678","3599.9","6","CAM_FRONT; CAM_FRONT_LEFT; CAM_FRONT_RIGHT; CAM_BACK; CAM_BACK_LEFT; CAM_BACK_RIGHT","E_planning_error","3.82"
"02e484442a2f411b971edcf96ebbe885","0473336e6eb74a03be3113d5a55ab6dc","planning","yes_no","Is the vehicle in back camera an object that the ego vehicle should consider in the current scene?","No.","Yes.","0.0","0.0","0.9945","2825.4","6","CAM_FRONT; CAM_FRONT_LEFT; CAM_FRONT_RIGHT; CAM_BACK; CAM_BACK_LEFT; CAM_BACK_RIGHT","E_planning_error","3.82"
"02e484442a2f411b971edcf96ebbe885","0473336e6eb74a03be3113d5a55ab6dc","planning","what_query","What actions could the ego vehicle take based on the vehicle in back camera? Why take this action and what's the probability?","The action is to remain stationary because there is no safety issue. The probability of this action is high.","High.","0.1","0.0","0.8763","4776.9","6","CAM_FRONT; CAM_FRONT_LEFT; CAM_FRONT_RIGHT; CAM_BACK; CAM_BACK_LEFT; CAM_BACK_RIGHT","D_incomplete","3.82"
"02e484442a2f411b971edcf96ebbe885","0473336e6eb74a03be3113d5a55ab6dc","planning","what_query","What is the probability of colliding with the vehicle in back camera after the ego vehicle steps on the brakes?","Low.","Low.","1.0","1.0","1.0","2877.7","6","CAM_FRONT; CAM_FRONT_LEFT; CAM_FRONT_RIGHT; CAM_BACK; CAM_BACK_LEFT; CAM_BACK_RIGHT","","3.82"
"02e484442a2f411b971edcf96ebbe885","0473336e6eb74a03be3113d5a55ab6dc","planning","what_query","What actions taken by the ego vehicle can lead to a collision with the vehicle in back camera?","Back up.","Accelerate and go straight actions taken by the ego vehicle can lead to a collision with the vehicle in back camera.","0.087","0.0","0.8538","4393.8","6","CAM_FRONT; CAM_FRONT_LEFT; CAM_FRONT_RIGHT; CAM_BACK; CAM_BACK_LEFT; CAM_BACK_RIGHT","A_hallucination","3.82"
"02e484442a2f411b971edcf96ebbe885","0473336e6eb74a03be3113d5a55ab6dc","planning","yes_no","Is the vehicle in front camera an object that the ego vehicle should consider in the current scene?","Yes.","Yes.","1.0","1.0","1.0","2858.3","6","CAM_FRONT; CAM_FRONT_LEFT; CAM_FRONT_RIGHT; CAM_BACK; CAM_BACK_LEFT; CAM_BACK_RIGHT","","3.82"
"02e484442a2f411b971edcf96ebbe885","0473336e6eb74a03be3113d5a55ab6dc","planning","what_query","What actions could the ego vehicle take based on the vehicle in front camera? Why take this action and what's the probability?","The action is to remain stationary, the reason is to maintain a safe distance, and the probability is high.","Low.","0.0","0.0","0.8738","4637.1","6","CAM_FRONT; CAM_FRONT_LEFT; CAM_FRONT_RIGHT; CAM_BACK; CAM_BACK_LEFT; CAM_BACK_RIGHT","D_incomplete","3.82"
"02e484442a2f411b971edcf96ebbe885","0473336e6eb74a03be3113d5a55ab6dc","planning","what_query","What is the probability of colliding with the vehicle in front camera after the ego vehicle steps on the brakes?","Low.","Low.","1.0","1.0","1.0","2812.1","6","CAM_FRONT; CAM_FRONT_LEFT; CAM_FRONT_RIGHT; CAM_BACK; CAM_BACK_LEFT; CAM_BACK_RIGHT","","3.82"
"02e484442a2f411b971edcf96ebbe885","0473336e6eb74a03be3113d5a55ab6dc","planning","what_query","What actions taken by the ego vehicle can lead to a collision with the vehicle in front camera?","Accelerating and going straight.","Accelerate and go straight actions taken by the ego vehicle can lead to a collision with the vehicle in front camera.","0.32","0.0","0.8764","4304.7","6","CAM_FRONT; CAM_FRONT_LEFT; CAM_FRONT_RIGHT; CAM_BACK; CAM_BACK_LEFT; CAM_BACK_RIGHT","","3.82"
"02e484442a2f411b971edcf96ebbe885","0473336e6eb74a03be3113d5a55ab6dc","planning","yes_no","Is it necessary for the ego vehicle to take the traffic element in front camera into account?","Yes.","Yes.","1.0","1.0","1.0","2823.8","6","CAM_FRONT; CAM_FRONT_LEFT; CAM_FRONT_RIGHT; CAM_BACK; CAM_BACK_LEFT; CAM_BACK_RIGHT","","3.82"
"02e484442a2f411b971edcf96ebbe885","0473336e6eb74a03be3113d5a55ab6dc","planning","other_question_type","Based on the traffic element in front camera in this scene, what is the most possible action of the ego vehicle?","Accelerate and go ahead.","The most possible action of the ego vehicle is to accelerate and go straight.","0.3333","0.0","0.84","3949.7","6","CAM_FRONT; CAM_FRONT_LEFT; CAM_FRONT_RIGHT; CAM_BACK; CAM_BACK_LEFT; CAM_BACK_RIGHT","","3.82"
"02e484442a2f411b971edcf96ebbe885","0473336e6eb74a03be3113d5a55ab6dc","planning","what_query","What is the traffic signal that the ego vehicle should pay attention to?","Green light.","The traffic signal that the ego vehicle should pay attention to is the one in the front left camera view.","0.0","0.0","0.8662","3761.5","6","CAM_FRONT; CAM_FRONT_LEFT; CAM_FRONT_RIGHT; CAM_BACK; CAM_BACK_LEFT; CAM_BACK_RIGHT","A_hallucination","3.82"
"02e484442a2f411b971edcf96ebbe885","0473336e6eb74a03be3113d5a55ab6dc","planning","what_query","What is the target action of the ego vehicle?","Stationary.","The target action of the ego vehicle is to keep going at the same speed. The reason is to maintain a safe distance, which is high.","0.0","0.0","0.8439","4198.4","6","CAM_FRONT; CAM_FRONT_LEFT; CAM_FRONT_RIGHT; CAM_BACK; CAM_BACK_LEFT; CAM_BACK_RIGHT","A_hallucination","3.82"
"02e484442a2f411b971edcf96ebbe885","0473336e6eb74a03be3113d5a55ab6dc","planning","other_question_type","In this scenario, what are safe actions to take for the ego vehicle?","Keep going at the same speed, slightly offset to the right.","In this scenario, the ego vehicle should maintain a safe distance from the vehicle in front camera. This can be achieved by accelerating and going straight.","0.1081","0.0","0.8471","4921.9","6","CAM_FRONT; CAM_FRONT_LEFT; CAM_FRONT_RIGHT; CAM_BACK; CAM_BACK_LEFT; CAM_BACK_RIGHT","A_hallucination","3.82"
"02e484442a2f411b971edcf96ebbe885","0473336e6eb74a03be3113d5a55ab6dc","planning","other_question_type","In this scenario, what are dangerous actions to take for the ego vehicle?","Back up, turn left.","In this scenario, the ego vehicle should avoid accelerating and going straight, as these actions can lead to a collision with the vehicle in front camera. Instead, the vehicle should maintain a safe distance by keeping going at the same speed.","0.0","0.0","0.84","5873.6","6","CAM_FRONT; CAM_FRONT_LEFT; CAM_FRONT_RIGHT; CAM_BACK; CAM_BACK_LEFT; CAM_BACK_RIGHT","A_hallucination","3.82"
"02e484442a2f411b971edcf96ebbe885","0473336e6eb74a03be3113d5a55ab6dc","planning","what_query","What is the priority of the objects that the ego vehicle should consider?(in descending order)","The priority of the objects that the ego vehicle should consider (in descending order) is the traffic element in front camera, the cycle or rider in front camera, the vehicle in front camera, the vehicle in back camera.","There are 5 vehicles to the left.","0.0889","0.0","0.8495","3628.2","6","CAM_FRONT; CAM_FRONT_LEFT; CAM_FRONT_RIGHT; CAM_BACK; CAM_BACK_LEFT; CAM_BACK_RIGHT","C_wrong_camera","3.82"
"02e484442a2f411b971edcf96ebbe885","0473336e6eb74a03be3113d5a55ab6dc","planning","other_question_type","Based on the observation of the traffic element in front camera, what actions may the vehicle in back camera take?","Keep stationary.","The vehicle in back camera should maintain a safe distance from the ego vehicle.","0.0","0.0","0.8715","4009.5","6","CAM_FRONT; CAM_FRONT_LEFT; CAM_FRONT_RIGHT; CAM_BACK; CAM_BACK_LEFT; CAM_BACK_RIGHT","E_planning_error","3.82"
"02e484442a2f411b971edcf96ebbe885","0473336e6eb74a03be3113d5a55ab6dc","behavior","ego_behavior_prediction","Predict the behavior of the ego vehicle.","The ego vehicle is going straight. The ego vehicle is not moving.","The ego vehicle is going straight. The ego vehicle is driving fast.","0.8333","0.0","0.9741","3526.6","6","CAM_FRONT; CAM_FRONT_LEFT; CAM_FRONT_RIGHT; CAM_BACK; CAM_BACK_LEFT; CAM_BACK_RIGHT","","3.82"
